17547|第五条保险责任|0|0|0||0||0||0||0||0
17547|在本合同保险期间内，|0|0|0||0||0||0||0||0
17547|本公司承担下列保险责任：|0|0|0||0||0||0||0||0
17547|满期生存保险金|1|3|0||0||0||0||0||0
17547|被保险人生存至保险期间届满，|0|0|0||0||0||0||0||0
17547|本公司按本保险实际交纳的保险费（详见释义）给付满期生存保险金，|0|0|0||0||0||0||2||0
17547|本合同终止。|0|0|0||0||0||0||0||0
17547|疾病身故或身体全残保险金|1|4|0||0||0||0||0||0
17547|被保险人因疾病身故或身体全残（详见释义），|0|0|0||2|疾病|0||0||0||0
17547|本公司按被保险人身故或身体全残时所处的以下不同情形给付疾病身故或身体全残保险金，|0|0|0||0||0||0||0||0
17547|本合同终止：|0|0|0||0||0||0||0||0
17547|（1）若身故或身体全残时被保险人处于41周岁保单生效对应日（详见释义）之前（不含41周岁保单生效对应日），|0|0|0||0||2|41|0||0||0
17547|则其疾病身故或身体全残保险金为本保险实际交纳的保险费的1.6倍；|0|0|0||0||0||0||2|1.6|0
17547|（2）若身故或身体全残时被保险人处于41周岁保单生效对应日之后（含41周岁保单生效对应日）、61周岁保单生效对应日之前（不含61周岁保单生效对应日），|0|0|0||0||3|41,61|0||0||0
17547|则其疾病身故或身体全残保险金为本保险实际交纳的保险费的1.4倍；|0|0|0||0||0||0||2|1.4|0
17547|（3）若身故或身体全残时被保险人处于61周岁保单生效对应日之后（含61周岁保单生效对应日），|0|0|0||0||2|61|0||0||0
17547|则其疾病身故或身体全残保险金为本保险实际交纳的保险费的1.2倍。|0|0|0||0||0||0||2|1.2|0
17547|驾乘车意外伤害身故或身体全残保险金|1|4|0||0||0||0||0||0
17547|被保险人驾驶或乘坐私家车、单位公务或商务用车期间（详见释义），|0|0|0||0||0||0||0||0
17547|在私家车、单位公务或商务用车内因交通事故（详见释义）遭受意外伤害（详见释义）导致身故或身体全残的，|0|0|0||1|意外+交通意外|0||0||0||0
17547|本公司按基本保险金额的10倍给付驾乘车意外伤害身故或身体全残保险金，|0|0|0||0||0||0||1|10|0
17547|本合同终止。|0|0|0||0||0||0||0||0
17547|4.公共交通工具意外伤害身故或身体全残保险金|0|0|0||0||0||0||0||0
17547|被保险人以乘客身份乘坐公共交通工具期间（详见释义），|0|0|0||0||0||0||0||0
17547|在交通工具内因交通事故遭受意外伤害导致身故或身体全残的，|0|0|0||1|意外+交通意外|0||0||0||0
17547|本公司按基本保险金额的10倍给付公共交通工具意外伤害身故或身体全残保险金，|0|0|0||0||0||0||1|10|0
17547|本合同终止。|0|0|0||0||0||0||0||0
17547|航空意外伤害身故或身体全残保险金|1|4|0||0||0||0||0||0
17547|被保险人以乘客身份乘坐合法商业运营民航班机期间（详见释义），|0|0|0||0||0||0||0||0
17547|在民航班机内遭受意外伤害导致身故或身体全残的，|0|0|0||1|意外+交通意外|0||0||0||0
17547|本公司按基本保险金额的20倍给付航空意外伤害身故或身体全残保险金，|0|0|0||0||0||0||1|20|0
17547|本合同终止。|0|0|0||0||0||0||0||0
17547|一般意外伤害身故或身体全残保险金|1|4|0||0||0||0||0||0
17547|被保险人因本条第3款、第4款、第5款以外的情形遭受意外伤害导致身故或身体全残，|0|0|0||0||0||0||0||0
17547|本公司按基本保险金额给付一般意外伤害身故或身体全残保险金，|0|0|0||0||0||0||1||0
17547|本合同终止。|0|0|0||0||0||0||0||0
