# ================================
# structure: 1-UD; 2-LR
# paraphrase: 1-first page; 2-footer; 3-ending
# title_sn_type: 1-x.x; 2-第x条; 3-x; 4-x.
# has_catalog: 1-yes; 0-none
# is_double_term: 1-yes; 0-none
# is_processable: 1-yes; 0-none
# pid|structure|paraphrase_pos|title_sn_type|has_catalog|is_double_term|is_processable
16150|1|3|2|1|0|1
17498|2|3|1|1|0|1
13478|1|2|2|1|0|1
16821|2|3|1|1|0|1
9417|1|2|2|1|0|1
17165|1|2|2|1|0|1
10020|2|3|1|1|0|1
9531|2|3|1|1|0|1
17357|1|2|2|1|0|1
14119|1|2|1|1|0|0
2037|2|3|1|1|0|1
16877|2|2|1|1|0|1
8403|2|3|1|1|0|1
17502|1|2|1|1|0|0
1583|2|3|1|1|0|1
16216|1|3|2|0|0|1
16931|2|3|1|1|0|1
10757|1|2|2|1|0|1
17043|1|2|2|1|0|1
9445|2|3|1|1|0|1
17064|2|3|1|1|0|1
16548|2|2|4|1|0|1
2035|2|3|1|1|0|1
10760|2|3|1|1|0|1
14108|2|3|1|1|0|1
16758|2|3|1|1|0|1
17542|2|2|1|1|0|1
13517|1|3|1|1|0|1
17127|1|3|2|1|0|1
13616|2|3|1|1|0|1
15996|1|2|2|1|0|1
13424|1|2|2|1|0|1
8127|1|3|1|1|0|1
9300|1|3|1|1|0|1
1331|2|3|1|1|0|1
16868|2|3|1|1|0|1
908|2|3|1|1|0|1
13432|2|2|1|1|0|1
14004|1|2|2|1|0|1
16738|1|3|2|0|0|1
17186|1|3|2|1|0|1
10708|2|3|1|1|0|1
5755|2|3|1|1|0|1
183|1|2|1|1|0|1
965|1|3|1|1|0|1
10728|1|3|1|1|0|1
13489|2|3|1|1|0|1
15901|2|3|2|1|0|1
10783|2|3|2|1|0|1
14109|2|3|1|1|0|1
16974|2|3|1|1|0|1
9482|2|3|2|1|0|1
16994|1|3|2|1|0|1
1341|2|3|1|1|0|0
1507|2|3|1|1|0|1
13562|1|3|1|1|0|1
16779|2|3|1|1|0|1
1581|1|2|2|1|0|1
15750|1|3|2|0|1|1
16098|2|3|1|1|0|1
15793|1|3|1|1|0|1
13249|2|3|1|1|0|1
16471|1|3|2|0|1|1
13157|1|3|1|1|0|1
5745|1|3|1|1|0|1
16854|1|2|2|1|0|1
13359|1|3|1|1|0|0
13482|2|3|1|1|0|1
17149|1|2|2|1|0|1
17285|1|3|2|0|1|1
17520|2|3|1|1|0|1
16973|2|3|1|1|0|1
1393|2|3|1|1|0|1
16634|2|3|1|1|0|1
16650|2|3|1|1|0|1
15994|1|2|1|1|0|0
17303|2|3|1|1|0|1
16113|2|3|1|1|0|1
1338|2|3|1|1|0|0
17505|1|3|2|0|0|1
16789|2|3|1|1|0|1
1375|1|2|1|1|0|0
9599|2|3|1|1|0|0
15971|2|3|1|1|0|1
95|1|3|1|1|0|1
16700|1|2|4|0|0|1
9683|2|3|1|1|0|1
17235|2|3|1|1|0|1
9999|1|2|2|0|0|0
16841|1|3|2|1|0|1
16871|2|3|1|1|0|1
17284|1|3|2|0|1|1
14037|2|3|1|1|0|1
476|2|3|1|1|0|1
16433|2|3|1|1|0|1
1605|2|3|1|1|0|1
13548|2|3|1|1|0|1
9752|1|3|2|1|0|1
887|2|3|1|1|0|1
13188|2|3|1|1|0|1
14319|2|3|1|1|0|1
5753|1|3|2|1|0|1
16852|1|2|2|1|0|1
1250|1|3|2|0|0|1
16566|2|2|4|1|0|1
15997|1|2|2|1|0|1
10856|2|3|1|1|0|1
9338|2|3|1|1|0|1
1228|2|3|1|1|0|1
13286|1|2|1|1|0|0
16502|1|2|2|1|0|1
14530|1|3|2|0|0|1
17420|1|3|2|1|0|1
17040|1|2|2|1|0|1
17206|2|3|1|1|0|1
15795|1|3|1|1|0|1
16595|2|2|4|1|0|1
16930|2|3|1|1|0|1
14030|2|3|1|1|0|1
14080|2|3|1|1|0|1
9766|1|2|2|1|0|1
1319|2|3|1|1|0|1
16891|1|3|2|1|0|1
1353|1|3|2|0|0|1
16925|1|2|1|1|0|0
10794|1|2|2|1|0|1
16319|2|3|1|1|0|1
13134|1|2|2|1|0|1
17364|1|3|2|0|0|1
16245|2|2|1|1|0|1
17445|2|3|1|1|0|1
1124|2|3|1|1|0|1
16012|1|3|1|1|0|1
16900|2|3|1|1|0|1
13297|2|3|1|1|0|1
16598|2|3|1|1|0|1
9267|2|3|1|1|0|1
16280|2|3|1|1|0|1
17532|2|3|1|1|0|1
13372|1|3|1|1|0|1
15804|1|3|2|0|0|1
13082|2|3|1|1|0|1
15707|2|3|1|1|0|1
15859|1|3|2|0|0|1
13590|2|3|1|1|0|1
856|2|3|2|1|0|1
17539|2|3|1|1|0|1
17232|2|3|1|1|0|1
13454|2|3|1|1|0|1
16235|1|3|2|0|1|1
17480|2|3|1|1|0|1
13355|2|3|1|1|0|1
15975|1|2|2|1|0|1
473|2|3|1|1|0|1
13493|2|3|1|1|0|1
16934|2|3|1|1|0|1
10013|1|2|2|1|0|1
10863|1|3|1|1|0|1
1380|1|2|1|1|0|0
17194|1|2|1|1|0|0
9763|1|2|2|1|0|1
1452|1|3|1|1|0|1
630|2|3|1|1|0|1
16888|2|3|1|1|0|1
17274|2|3|1|1|0|1
5744|1|3|1|1|0|1
4700|2|3|1|1|0|1
10824|1|3|2|0|0|1
1461|1|3|1|1|0|1
9525|2|3|1|1|0|1
16901|2|3|1|1|0|1
615|1|3|2|1|0|1
16079|1|3|2|1|0|1
600|2|3|1|1|0|1
16597|2|3|1|1|0|1
15952|1|3|2|1|0|1
13940|1|3|2|1|1|1
16606|2|3|1|1|0|1
17086|2|3|1|1|0|1
13488|2|3|1|1|0|1
16842|1|3|2|1|0|1
8095|2|3|1|1|0|1
13555|1|3|1|1|0|1
17523|2|3|1|1|0|1
17313|2|3|1|1|0|1
15907|2|3|1|1|0|1
13377|2|3|2|1|0|1
17289|2|3|1|1|0|1
9462|1|3|2|1|0|1
14126|2|3|1|1|0|1
16210|1|3|2|0|0|1
1155|2|3|1|1|0|1
16613|1|3|2|0|0|1
17497|1|3|2|0|0|1
4648|2|3|1|1|0|1
2056|2|3|1|1|0|1
631|1|2|2|1|0|1
13239|2|3|1|1|0|1
9657|2|3|1|1|0|1
17514|2|3|1|1|0|1
1436|1|3|1|1|0|1
16173|1|3|2|0|0|1
17131|1|3|1|1|0|1
8223|1|3|2|0|0|1
5757|1|3|1|1|0|1
13589|2|2|1|1|0|1
17447|2|3|1|1|0|1
17288|1|2|2|1|0|1
16807|2|2|1|1|0|1
663|2|3|2|1|0|1
13305|2|3|1|1|0|1
13455|2|3|1|1|0|1
16282|2|3|1|1|0|1
13345|1|2|1|1|0|0
16203|1|3|2|0|0|1
17148|1|2|2|1|0|1
175|2|3|1|1|0|1
16233|1|3|2|0|1|1
13532|2|3|1|1|0|1
16729|1|3|2|1|0|1
15940|1|3|2|1|0|1
10885|1|2|2|1|0|1
16404|2|3|1|1|0|1
13168|2|3|1|1|0|1
1143|1|3|1|1|0|1
16604|2|3|1|1|0|1
16174|1|3|2|0|0|1
17365|1|3|2|0|0|1
16687|2|2|4|1|0|1
2495|2|3|1|1|0|1
15735|1|3|1|1|0|1
16117|2|3|1|1|0|1
16495|2|3|1|1|0|1
13387|2|3|2|1|0|1
14403|2|3|1|1|0|1
1029|2|3|1|1|0|1
9487|2|3|2|1|0|1
16300|1|3|2|1|0|1
13608|1|2|2|1|0|1
13312|2|3|1|1|0|1
16590|2|2|4|1|0|1
17277|1|3|2|1|1|1
13560|1|3|1|1|0|1
1106|2|3|1|1|0|1
170|2|3|1|1|0|1
17216|2|3|1|1|0|1
1587|1|2|2|1|0|1
4545|1|2|2|1|0|1
9528|2|3|1|1|0|1
9499|1|2|2|0|0|0
9292|2|3|1|1|0|1
16618|1|3|2|0|0|1
9410|1|2|2|1|0|1
4533|2|3|1|1|0|1
101|2|3|1|1|0|1
835|2|3|1|1|0|1
1286|2|3|2|1|0|1
16462|2|3|1|1|0|1
770|1|3|2|1|0|1
13287|2|3|1|1|0|1
10775|1|3|2|0|1|1
14095|1|3|2|1|0|1
836|2|3|1|1|0|1
850|2|3|2|1|0|1
17522|2|3|1|1|0|1
16812|2|2|1|1|0|1
1515|1|3|1|1|0|1
14100|1|3|2|1|0|1
17093|2|3|1|1|0|1
1541|1|3|2|1|0|0
16785|2|3|1|1|0|1
16161|1|3|2|0|0|1
4681|1|2|2|1|0|1
16778|2|3|1|1|0|1
17212|1|3|2|1|0|1
8130|1|3|1|1|0|1
8410|2|3|1|1|0|1
10859|2|3|1|1|0|1
4567|2|3|1|1|0|1
15843|2|3|1|1|0|1
14135|2|2|1|1|0|1
17176|1|3|2|1|0|1
13314|2|3|1|1|0|1
17423|2|3|1|1|0|1
764|2|3|1|1|0|1
17129|2|3|1|1|0|1
13611|1|2|2|1|0|1
802|2|3|1|1|0|1
9726|2|3|1|1|0|1
14023|2|3|1|1|0|1
14393|2|3|1|1|0|1
13357|2|3|1|1|0|1
16431|2|3|1|1|0|1
823|1|2|1|1|0|1
14130|2|3|1|1|0|1
16959|2|3|1|1|0|1
581|1|3|2|1|0|1
16680|2|2|4|1|0|1
16755|1|3|2|1|0|1
9465|1|3|1|1|0|0
16486|2|3|1|1|0|1
16128|2|3|1|1|0|1
15956|2|3|1|1|0|1
16274|2|3|1|1|0|1
16740|1|3|2|0|0|1
14048|1|3|2|1|0|1
17300|1|3|2|0|0|1
16482|2|3|1|1|0|1
13558|1|3|1|1|0|1
16867|2|3|1|1|0|1
360|2|3|1|1|0|1
15860|2|3|1|1|0|1
13564|1|3|1|1|0|1
16421|2|3|1|1|0|1
4616|2|3|1|1|0|1
10769|2|3|1|1|0|1
13510|2|2|1|1|0|1
13310|1|2|2|1|0|1
164|1|3|1|1|0|0
16278|2|3|1|1|0|1
16811|2|2|1|1|0|1
15867|2|3|1|1|0|0
1326|2|3|1|1|0|1
17408|1|3|2|0|1|1
16190|1|3|2|0|0|1
16767|2|3|1|1|0|1
16187|1|3|2|0|0|1
1117|2|3|2|1|0|1
9450|2|3|1|1|0|1
15724|2|3|1|1|0|1
182|2|3|1|1|0|1
9532|2|3|1|1|0|1
834|1|3|1|1|0|1
9731|2|3|1|1|0|1
16617|1|3|2|0|0|1
16563|2|3|4|1|0|1
13463|2|3|1|1|0|1
15748|2|2|1|1|0|1
16505|2|3|1|1|0|1
15893|2|3|2|1|0|1
16399|2|3|1|1|0|1
14147|2|3|1|1|0|1
15877|2|3|1|1|0|1
13610|1|3|2|1|0|1
17326|2|3|1|1|0|1
1494|2|3|1|1|0|1
17075|2|3|1|1|0|1
14042|1|2|2|1|0|1
1308|1|2|2|1|0|1
17354|1|3|1|1|0|1
8136|1|3|2|0|1|1
13531|2|3|1|1|0|1
847|2|3|2|1|0|1
17010|1|3|1|1|0|1
8142|1|3|2|1|0|0
839|2|3|2|1|0|1
17492|1|3|2|1|0|1
16849|1|2|2|1|0|1
16244|2|2|1|1|0|1
17441|1|3|1|1|0|1
4683|2|3|1|1|0|1
590|1|3|1|1|0|1
16607|1|3|2|0|0|1
16040|1|2|2|1|0|1
15866|2|3|1|1|0|0
9508|1|2|2|0|0|0
16529|2|2|4|1|0|1
10720|1|3|2|1|0|1
8388|2|3|1|1|0|1
16892|1|3|4|1|0|1
98|2|3|1|1|0|1
17433|1|3|2|1|0|1
13587|1|3|2|1|0|1
10059|1|3|2|0|1|1
13274|2|3|1|1|0|1
9432|2|3|1|1|0|1
13352|2|3|1|1|0|1
17073|2|3|1|1|0|1
1144|1|3|1|1|0|1
17070|2|3|1|1|0|1
13925|2|3|1|1|0|1
759|1|3|2|1|0|1
17055|1|2|2|0|0|1
924|2|3|1|1|0|1
17396|2|2|1|1|0|1
9689|2|3|1|1|0|1
830|2|3|1|1|0|1
8089|2|3|1|1|0|1
568|1|3|2|1|0|1
4595|1|3|1|1|0|1
1309|1|3|2|1|0|1
16246|2|2|1|1|0|1
13561|1|3|1|1|0|1
17521|2|3|1|1|0|1
13146|2|2|1|1|0|1
13132|2|3|1|1|0|1
16198|1|3|2|0|0|1
9451|2|3|1|1|0|1
1001|2|3|1|1|0|1
17337|2|3|1|1|0|1
14008|2|3|1|1|0|1
766|1|3|1|1|0|1
16318|2|3|1|1|0|1
801|2|3|1|1|0|1
17311|1|3|2|1|0|1
13964|2|2|1|1|0|1
16801|2|2|1|1|0|1
13299|2|3|1|1|0|1
17114|1|2|2|1|0|1
5756|1|3|2|0|1|1
13530|2|3|1|1|0|1
13186|1|3|2|1|0|1
16475|1|3|2|1|0|1
816|2|3|1|1|0|1
1569|1|2|2|1|0|1
927|2|3|1|1|0|1
16632|2|3|1|1|0|1
17370|2|2|1|1|0|1
16185|1|3|2|0|0|1
17323|2|3|1|1|0|1
10793|2|3|2|1|0|1
13456|2|3|1|1|0|1
812|2|3|1|1|0|1
964|1|3|1|1|0|1
8215|2|3|1|1|0|1
16492|2|3|1|1|0|1
13472|2|3|1|1|0|1
16908|2|3|1|1|0|1
13293|1|2|2|1|0|1
1142|1|3|1|1|0|1
17102|2|3|1|1|0|1
15851|2|3|1|1|0|1
16890|1|3|4|1|0|1
14025|2|3|1|1|0|1
9303|1|3|1|1|0|1
4635|2|3|1|1|0|1
17120|2|3|1|1|0|1
15961|1|3|1|1|0|1
16157|1|3|2|0|0|1
15920|2|3|1|1|0|1
15710|1|2|2|1|0|1
16596|2|2|4|1|0|1
1054|2|3|1|1|0|1
17022|1|3|2|0|1|1
16249|1|2|2|1|0|1
1120|1|2|2|1|0|1
13593|1|3|2|1|0|1
17231|2|3|1|1|0|1
13615|1|3|2|1|0|1
17275|1|2|2|1|0|1
8202|1|3|2|0|0|1
16872|2|3|1|1|0|1
4651|1|2|1|1|0|0
9308|2|3|1|1|0|1
974|1|3|1|1|0|1
16406|2|3|1|1|0|1
16108|2|3|1|1|0|1
4669|1|3|2|0|1|1
16630|2|3|1|1|0|1
14032|2|3|1|1|0|1
17051|1|3|2|0|0|1
10828|1|3|2|1|1|1
13545|2|3|1|1|0|1
15857|1|3|2|0|1|1
805|1|3|2|0|0|1
17233|2|3|1|1|0|1
13379|2|3|2|1|0|1
483|2|3|1|1|0|1
16001|1|2|2|1|0|1
1052|2|3|1|0|0|1
914|1|2|1|1|0|0
14041|1|2|2|1|0|1
13430|2|2|1|1|0|1
1608|1|3|2|1|1|1
13330|2|3|1|1|0|1
1563|1|2|2|1|0|1
17430|1|3|2|1|0|1
14402|2|3|1|1|0|1
13296|2|3|1|1|0|1
13354|2|3|1|1|0|1
10869|1|2|2|1|0|1
16608|1|3|2|0|0|1
1158|2|3|4|1|0|1
17407|1|3|2|0|1|1
17414|1|2|4|0|0|1
15973|2|3|1|1|0|1
13378|2|3|2|1|0|1
14077|2|3|1|1|0|1
13339|1|3|2|0|1|1
16960|2|3|1|1|0|1
2491|2|3|1|1|0|1
17248|2|3|1|1|0|1
559|1|3|2|1|0|1
14105|2|3|1|1|0|1
13234|2|3|1|1|0|1
16468|2|3|1|1|0|1
9324|2|3|1|1|0|1
17178|1|3|2|1|0|1
16937|2|3|1|1|0|1
15899|2|3|2|1|0|1
16516|2|3|1|1|0|1
9586|2|3|1|1|0|1
9587|2|3|1|1|0|1
4530|2|3|1|1|0|1
14055|1|3|2|1|0|1
14416|2|3|1|1|0|1
14149|2|3|1|1|0|1
9527|2|3|1|1|0|1
16143|1|3|2|0|0|1
16289|1|3|2|0|0|1
17257|2|3|1|1|0|1
13255|1|2|1|1|0|0
13319|2|3|1|1|0|1
8195|1|3|2|1|0|0
181|2|3|1|1|0|1
13309|1|2|2|1|0|1
16832|2|3|1|1|0|1
13325|1|3|2|1|0|1
16008|1|2|2|1|0|1
9481|2|3|2|1|0|1
931|1|3|2|1|0|0
1276|1|3|1|1|0|1
13085|2|3|1|1|0|1
16109|2|3|1|1|0|1
13462|2|3|1|1|0|1
16523|2|3|1|1|0|1
16232|1|3|2|0|1|1
14133|2|3|1|1|0|1
10815|2|3|1|1|0|1
13269|2|3|4|1|0|1
17269|1|3|2|0|0|1
13112|2|3|1|1|0|1
16961|2|3|1|1|0|1
16551|2|2|4|1|0|1
17266|1|3|2|0|0|1
795|1|3|2|0|0|1
926|2|3|1|1|0|1
8177|2|3|1|1|0|1
15800|2|3|1|1|0|1
9524|2|3|1|1|0|1
13592|2|3|1|1|0|1
17245|1|3|2|0|0|1
1035|1|3|2|1|0|1
16637|2|3|1|1|0|1
608|1|3|1|1|0|1
13294|1|2|2|1|0|1
16101|2|3|1|1|0|1
13506|2|3|1|1|0|1
17496|2|3|1|1|0|1
17019|1|3|2|1|0|1
17454|2|3|1|1|0|1
10865|1|3|2|1|0|1
10716|2|2|1|1|0|1
1339|2|3|1|1|0|1
9969|2|2|1|1|0|1
10018|2|3|1|1|0|1
15988|2|3|1|1|0|1
16491|2|3|1|1|0|1
10003|2|3|1|1|0|1
1489|1|3|1|1|0|1
13246|2|3|1|1|0|1
13524|1|3|1|1|0|1
16470|2|3|1|1|0|1
13521|1|3|1|1|0|1
13421|2|3|2|1|0|1
2077|2|3|1|1|0|1
10778|1|3|2|0|0|1
4587|2|3|1|1|0|1
15764|2|3|1|1|0|1
13429|1|2|1|1|0|1
17132|1|3|1|1|0|1
17529|2|3|1|1|0|1
17478|1|3|1|1|0|1
16154|1|3|2|0|0|1
17537|2|3|1|1|0|1
16561|2|2|4|1|0|1
9511|1|3|2|1|0|1
13338|1|3|2|1|1|1
16827|2|3|1|1|0|1
1012|1|3|1|1|0|1
16208|1|3|2|0|0|1
9572|2|3|1|1|0|1
15761|1|3|2|1|0|1
2039|2|3|1|1|0|1
10873|1|2|2|1|0|1
4603|1|3|1|1|0|1
16048|2|3|1|1|0|0
16212|1|3|2|0|0|1
16862|2|3|1|1|0|1
15749|1|3|2|0|0|1
588|1|3|1|1|0|1
1126|2|3|1|1|0|1
16957|2|3|1|1|0|1
16135|2|3|1|1|0|1
640|2|3|1|1|0|1
16291|1|3|2|0|0|1
17455|2|3|1|1|0|1
818|2|3|1|1|0|1
930|2|3|1|1|0|1
16751|2|3|1|1|0|1
1116|2|3|2|1|0|1
10747|2|3|1|1|0|1
16159|1|3|2|0|0|1
17204|2|3|1|1|0|1
16623|2|3|1|1|0|1
14152|2|3|1|1|0|1
13554|2|3|1|1|0|1
9259|2|3|1|1|0|1
17184|1|3|2|1|0|1
16423|2|3|1|1|0|1
9714|2|3|1|1|0|1
17154|1|2|2|1|0|1
842|2|3|2|1|0|1
13518|1|2|2|1|0|1
4576|2|2|1|1|0|1
9607|1|3|2|0|0|1
13189|1|2|2|0|0|0
1066|1|3|2|1|0|1
14071|1|3|4|1|0|1
17499|2|2|1|1|0|1
16522|2|3|1|1|0|1
15998|1|2|2|1|0|1
16308|1|3|2|1|0|1
629|2|3|1|1|0|1
17530|2|3|1|1|0|1
16144|2|3|1|1|0|1
15891|2|3|2|1|0|1
17273|2|3|1|1|0|1
14401|1|3|2|0|1|1
2471|1|3|1|1|0|1
14056|1|3|1|1|0|1
16639|2|3|1|1|0|1
14092|2|3|2|1|0|1
16501|1|2|2|1|0|1
13140|2|3|1|1|0|1
16861|2|3|1|1|0|1
17062|2|3|1|1|0|1
16220|1|3|2|0|0|1
978|2|3|1|1|0|0
17170|1|3|2|1|0|1
16247|2|2|1|1|0|1
13465|2|3|1|1|0|1
9484|2|3|2|1|0|1
9365|1|3|2|1|0|1
15957|2|3|1|1|0|1
16240|2|2|1|1|0|1
1428|1|3|1|1|0|1
1564|1|2|2|1|0|1
16788|2|3|1|1|0|1
1519|1|3|1|1|0|1
16684|2|2|4|1|0|1
13428|1|3|2|1|0|1
1454|1|3|1|1|0|1
13235|2|3|1|1|0|1
17234|2|3|1|1|0|1
17011|1|3|1|1|0|1
16769|1|3|2|1|0|1
13190|1|3|2|0|1|1
9468|2|3|1|1|0|1
13597|1|2|2|1|0|1
16296|1|3|2|0|0|1
5780|2|3|1|1|0|1
13240|1|2|2|1|0|1
16732|2|3|1|1|0|1
16898|2|3|1|1|0|1
16302|1|3|2|1|0|1
15715|2|3|1|1|0|1
17362|1|2|2|1|0|1
10813|2|3|1|1|0|1
16518|2|3|1|1|0|1
10837|1|3|1|1|0|1
10739|1|3|1|1|0|1
9698|2|3|1|1|0|1
13282|1|3|2|1|0|1
9521|1|3|2|1|0|1
13364|1|3|1|1|0|0
2498|2|2|1|1|0|1
17085|2|3|1|1|0|1
13103|2|3|1|1|0|1
586|2|3|1|1|0|1
1140|1|3|1|1|0|1
959|1|3|2|1|1|1
817|1|3|2|0|0|1
867|2|3|2|1|0|1
15881|2|3|2|1|0|1
16635|2|3|1|1|0|1
17450|2|3|1|1|0|1
16418|2|3|1|1|0|1
943|2|3|1|1|0|1
995|2|3|1|1|0|1
1549|1|2|1|1|0|0
1593|2|3|1|0|0|1
9421|2|3|1|1|0|1
10809|2|3|1|1|0|1
17378|2|3|1|1|0|1
9310|2|3|1|1|0|1
10822|2|2|1|1|0|1
17152|1|3|2|1|0|1
16394|2|3|1|1|0|1
849|2|3|2|1|0|1
9406|1|3|2|0|1|1
15979|2|3|1|1|0|1
16459|2|3|1|1|0|1
17506|1|3|2|0|0|1
1332|2|3|1|1|0|1
16979|1|3|2|0|0|1
9748|2|3|1|1|0|1
1499|2|3|1|1|0|1
16420|2|3|1|1|0|1
16887|1|3|2|1|0|1
17312|2|3|1|1|0|1
2475|1|3|2|0|1|1
16995|1|3|2|1|0|1
9323|2|3|1|1|0|1
17405|2|3|1|1|0|1
9271|1|2|2|1|0|1
17101|2|3|1|1|0|1
8141|2|3|1|1|0|1
13552|2|3|1|1|0|1
14163|1|2|2|1|0|1
10767|2|3|1|1|0|1
15713|2|3|1|1|0|1
4694|2|3|1|1|0|1
13268|2|3|1|1|0|1
14005|1|2|2|1|0|1
13559|1|3|1|1|0|1
15864|2|3|1|1|0|0
16251|2|2|1|1|0|1
15828|2|3|1|1|0|1
15836|2|3|1|1|0|1
16855|2|3|1|1|0|1
13115|2|3|1|1|0|1
16978|1|2|2|1|0|1
17321|2|3|1|1|0|1
17167|1|3|2|0|0|1
4607|2|3|1|1|0|1
1206|1|3|2|0|0|1
15827|2|3|1|1|0|1
16458|2|3|1|1|0|1
14160|1|3|1|1|0|1
16506|2|3|1|1|0|1
16250|1|2|2|1|0|1
15962|1|3|1|1|0|1
9275|1|2|2|1|0|1
1047|2|3|1|1|0|1
16594|2|2|4|1|0|1
1008|1|2|1|1|0|1
16621|1|3|2|0|0|1
9426|1|2|2|1|0|1
16864|2|3|1|1|0|1
14063|1|3|2|0|0|1
16918|2|3|1|1|0|1
10727|1|3|1|1|0|1
10777|2|3|1|1|0|1
9667|2|3|1|1|0|1
17161|1|2|2|1|0|1
1049|2|2|1|1|0|1
168|2|3|1|1|0|1
15880|2|3|2|1|0|1
16321|1|3|2|1|0|1
16848|1|2|2|1|0|1
13337|1|3|2|0|1|1
16904|2|3|1|1|0|1
13361|1|3|1|1|0|0
16156|1|3|2|0|0|1
16579|2|2|4|1|0|1
13538|2|3|1|1|0|1
16903|2|3|1|1|0|1
180|2|3|1|1|0|1
17328|2|3|1|1|0|1
1253|1|3|2|0|0|1
9346|2|3|1|1|0|1
17440|1|3|1|1|0|1
13382|2|3|2|1|0|1
15808|2|3|1|1|0|1
16939|1|3|2|1|0|1
13481|2|3|1|1|0|1
16963|2|3|1|1|0|1
1236|1|3|2|0|0|1
16442|2|3|1|1|0|1
1081|2|3|1|1|0|1
16407|2|3|1|1|0|1
17097|2|3|1|1|0|1
173|1|3|2|0|1|1
2063|2|3|1|1|0|1
1432|1|3|1|1|0|1
2065|2|3|1|1|0|1
9492|2|3|2|1|0|1
14124|2|3|1|1|0|1
16765|2|3|1|1|0|1
17237|1|3|2|0|0|1
14027|2|3|1|1|0|1
16831|2|3|1|1|0|1
16167|1|3|2|0|0|1
14087|1|3|1|1|0|1
13643|1|3|2|0|0|1
16920|2|3|1|1|0|1
16810|2|2|1|1|0|1
14089|2|3|2|1|0|1
1092|2|3|1|1|0|1
1249|1|3|2|0|0|1
8216|2|3|1|1|0|1
9454|2|3|1|1|0|1
10784|2|3|2|1|0|1
13469|1|3|1|1|0|0
912|2|3|1|1|0|1
17158|1|2|2|1|0|1
14373|2|3|1|1|0|1
13248|2|3|1|1|0|1
9995|1|2|2|0|0|0
17238|1|3|2|0|0|1
10734|1|3|1|1|0|1
16524|2|3|1|1|0|1
16875|2|2|1|1|0|1
688|2|3|1|1|0|1
14120|1|3|2|1|0|1
1257|2|3|1|1|0|0
13165|2|3|1|1|0|1
16446|2|3|1|1|0|1
16243|2|2|1|1|0|1
17536|2|3|1|1|0|1
1139|1|3|1|1|0|1
13259|1|2|1|1|0|0
9399|1|2|2|1|0|1
13316|2|3|1|1|0|1
13453|2|3|1|1|0|1
9345|2|3|1|1|0|1
16817|1|3|1|1|0|1
15767|2|3|1|1|0|1
714|2|3|1|1|0|1
9433|2|3|1|1|0|1
15717|2|3|1|1|0|1
17198|2|3|1|1|0|1
15829|2|3|1|1|0|1
987|1|3|2|1|0|1
13349|1|3|1|1|0|1
13164|2|3|1|1|0|1
17485|1|3|2|1|0|1
17398|2|2|1|1|0|1
16236|1|3|2|0|1|1
166|2|3|1|1|0|1
670|2|3|2|1|0|1
13836|2|3|1|1|0|1
16749|2|3|1|1|0|1
15757|1|3|2|1|0|0
17400|2|3|1|1|0|1
14103|2|3|1|1|0|1
13178|2|3|1|1|0|1
1077|1|2|2|1|0|1
13363|2|3|1|1|0|1
1063|1|2|2|1|0|1
1255|2|3|1|1|0|0
17511|2|3|1|1|0|1
16549|2|2|4|1|0|1
17121|2|3|1|1|0|1
10833|1|3|1|1|0|1
9510|1|3|2|1|0|1
16390|2|3|1|1|0|1
859|2|3|2|1|0|1
10801|2|3|1|1|0|1
17249|2|3|1|1|0|1
17190|2|3|1|1|0|1
16194|1|3|2|0|0|1
9751|1|3|2|1|0|1
16735|2|3|1|1|0|1
1138|2|3|1|1|0|1
16136|2|3|1|1|0|1
17053|1|3|1|1|0|1
15343|2|3|1|1|0|1
595|2|3|1|1|0|1
17314|2|3|1|1|0|1
16809|2|2|1|1|0|1
15964|1|3|1|1|0|1
17495|2|3|1|1|0|1
1572|1|2|2|1|0|1
17139|2|3|1|1|0|1
1554|1|2|2|1|0|1
9442|1|2|2|1|0|1
1424|1|3|2|1|0|1
942|2|3|1|1|0|1
16010|1|2|2|1|0|1
9235|2|3|1|1|0|1
1478|1|3|2|1|0|1
8381|1|3|2|1|0|1
15983|1|3|1|1|0|1
9633|2|3|1|1|0|1
15978|2|3|1|1|0|1
9367|2|3|1|1|0|1
17439|1|3|1|1|0|1
9472|1|3|1|1|0|0
17513|2|3|1|1|0|1
13464|2|3|1|1|0|1
16853|1|2|2|1|0|1
1441|1|3|1|1|0|1
13450|2|3|1|1|0|1
16309|1|3|2|0|0|1
17280|1|3|2|0|1|1
9758|1|2|2|1|0|1
13279|2|3|1|1|0|1
15125|2|2|1|1|0|1
9580|2|3|1|1|0|1
16980|1|3|2|0|0|1
1291|2|3|2|1|0|1
15939|1|3|2|0|0|1
17078|2|3|1|1|0|1
9728|2|3|1|1|0|1
13539|2|3|1|1|0|1
16256|2|3|1|1|0|1
16398|2|3|1|1|0|1
16426|2|3|1|1|0|1
16163|1|3|2|0|0|1
13422|2|3|2|1|0|1
16914|2|3|1|1|0|1
16642|2|3|1|1|0|1
17081|2|3|1|1|0|1
13475|2|3|1|1|0|1
16935|2|3|1|1|0|1
17074|2|3|1|1|0|1
14141|2|3|1|1|0|1
789|2|3|1|1|0|1
17099|2|3|1|1|0|1
16158|1|3|2|0|0|1
16988|1|2|2|1|0|1
1504|2|3|1|1|0|1
15762|1|3|2|1|0|1
16958|2|3|1|1|0|1
14241|1|2|1|0|0|1
2508|2|2|1|1|0|1
1329|2|3|1|1|0|1
16456|2|3|1|1|0|1
4544|2|3|1|1|0|1
768|2|3|1|1|0|1
16928|2|2|1|1|0|1
15969|2|3|1|1|0|1
564|2|2|1|1|0|1
9476|2|3|1|1|0|1
17490|1|3|2|1|0|1
9708|1|3|1|1|0|0
16454|2|3|1|1|0|1
827|2|3|1|1|0|0
17261|1|3|2|0|0|1
13451|2|3|1|1|0|1
13607|1|2|2|1|0|1
13546|2|3|1|1|0|1
17446|2|3|1|1|0|1
553|2|3|1|1|0|1
14128|2|3|2|1|0|1
14131|2|3|1|1|0|1
4569|2|3|1|1|0|1
15928|2|3|1|1|0|0
17239|1|3|2|0|0|1
547|1|2|2|1|0|1
13419|2|3|2|1|0|1
9987|1|3|2|0|0|1
1235|2|3|1|1|0|1
13254|1|2|1|1|0|0
14028|2|3|1|1|0|1
14065|2|3|1|1|0|1
91|1|2|1|1|0|1
17196|2|3|1|1|0|1
1073|1|2|2|1|0|1
8135|1|3|2|1|0|0
15946|2|3|1|1|0|1
8117|1|3|2|1|0|1
10764|2|3|1|1|0|1
13501|1|2|1|1|0|1
17137|1|3|2|0|0|1
15987|1|2|1|1|0|1
17317|2|3|1|1|0|1
9513|1|3|2|1|0|1
1532|1|3|1|1|0|1
16636|2|3|1|1|0|1
13862|2|3|2|1|0|1
13183|1|3|2|1|0|1
14372|2|3|1|1|0|1
16646|2|3|1|1|0|1
9424|2|3|1|1|0|1
15954|2|2|1|1|0|1
609|1|3|1|1|0|1
530|2|3|1|1|0|1
13230|2|3|1|1|0|1
16856|2|3|1|1|0|1
2071|2|3|1|1|0|1
2470|2|3|1|1|0|1
13122|2|3|1|1|0|1
17183|1|3|2|1|0|1
15884|2|3|2|1|0|1
1481|2|3|1|1|0|1
15751|1|3|2|1|0|1
1457|1|3|1|1|0|1
167|2|3|1|1|0|1
15970|2|3|1|1|0|1
9390|2|3|1|1|0|1
9627|2|3|1|1|0|1
947|2|3|1|1|0|1
15714|2|3|1|1|0|1
15980|2|3|1|1|0|1
13136|1|2|2|1|0|1
17159|1|2|2|1|0|1
13365|1|3|1|1|0|0
840|2|3|2|1|0|1
14085|2|3|1|1|0|0
1267|2|3|1|1|0|1
2044|1|3|1|1|0|1
13147|2|3|1|1|0|1
1493|1|3|2|1|0|1
1482|1|3|2|1|0|1
10763|2|3|1|1|0|1
16771|2|3|1|1|0|1
8408|2|3|1|1|0|1
4658|2|3|4|1|0|1
13591|2|3|1|1|0|1
16314|2|3|1|1|0|1
1040|2|3|1|1|0|1
17512|2|3|1|1|0|1
10799|2|3|1|1|0|1
1606|2|3|1|1|0|1
16269|1|2|2|1|0|1
13865|2|3|2|1|0|1
17047|1|2|1|1|0|0
17504|1|2|1|1|0|0
15958|1|3|1|1|0|1
5709|2|3|1|1|0|1
17145|2|3|1|1|0|1
10826|1|3|2|0|1|1
17080|2|3|1|1|0|1
803|2|3|1|1|0|1
962|2|3|1|1|0|1
17005|1|2|2|1|0|1
1323|2|3|1|1|0|1
15267|2|3|1|1|0|1
9474|2|3|1|1|0|1
13257|1|2|1|1|0|0
9770|1|2|2|1|0|1
10831|1|3|1|1|0|1
1032|1|2|1|1|0|1
4548|2|3|1|1|0|1
13172|2|3|1|1|0|1
17429|1|3|2|1|0|1
16011|1|2|2|1|0|1
16993|1|3|2|1|0|1
1337|2|3|1|1|0|0
345|2|3|1|1|0|1
13300|2|3|1|1|0|1
10017|2|3|1|1|0|1
17363|1|3|2|0|0|1
17286|1|3|2|0|1|1
813|2|3|1|1|0|1
13341|2|3|1|1|0|1
16761|2|3|1|1|0|0
17057|2|3|1|1|0|1
15926|2|3|1|1|0|0
16806|2|2|1|1|0|1
16559|2|2|4|1|0|1
1550|1|2|1|1|0|0
9218|1|3|2|0|0|1
17406|2|3|1|1|0|0
1164|1|2|2|1|0|1
17230|2|3|1|1|0|1
16833|2|3|1|1|0|1
16521|2|3|1|1|0|1
16004|1|2|2|1|0|1
1556|1|2|2|1|0|1
16663|2|2|4|1|0|1
16449|2|3|1|1|0|1
14134|2|3|1|1|0|1
15982|1|2|1|1|0|1
10840|1|3|1|1|0|1
4565|2|3|1|1|0|1
1287|2|3|2|1|0|1
13077|2|3|1|1|0|1
16140|2|3|1|1|0|1
13427|1|3|2|1|0|1
16713|1|3|2|0|0|1
4622|2|3|1|1|0|1
1060|1|3|2|1|0|1
344|2|3|1|1|0|1
16902|2|3|1|1|0|1
9688|2|3|1|1|0|1
13252|2|3|1|1|0|1
16299|1|3|2|0|0|1
1241|1|3|2|0|0|1
1038|2|3|1|1|0|1
9699|2|3|1|1|0|1
15965|1|3|1|1|0|1
2043|1|3|1|1|0|1
16726|1|3|2|1|0|1
9512|1|2|2|0|0|0
16692|2|2|4|1|0|1
16746|2|3|1|1|0|1
16905|2|3|1|1|0|1
16007|1|2|2|1|0|1
16912|2|3|1|1|0|1
16162|1|3|2|0|0|1
16484|2|3|1|1|0|1
597|2|3|1|1|0|1
13484|1|3|2|1|0|1
17181|1|3|2|1|0|1
17371|2|2|1|1|0|1
16445|2|3|1|1|0|1
16822|1|3|2|1|0|1
9407|2|3|1|1|0|1
17115|1|2|2|1|0|1
16814|2|2|1|1|0|1
17486|1|3|2|1|0|1
17084|2|3|1|1|0|1
16200|1|3|2|0|0|1
17117|2|3|1|1|0|1
9244|2|3|1|1|0|1
16878|2|3|1|1|0|1
9296|1|2|2|0|0|0
13526|1|3|1|1|0|1
9772|1|3|2|1|0|1
17252|1|3|2|1|0|1
2476|1|3|2|0|1|1
9380|2|3|1|1|0|1
9274|1|2|2|1|0|1
17113|1|2|2|1|0|1
17172|1|3|2|1|0|1
13152|1|3|1|1|0|1
17246|2|3|1|1|0|1
9695|1|2|2|1|0|1
13551|2|3|1|1|0|1
13250|2|3|1|1|0|1
4596|1|3|1|1|0|1
1127|2|3|1|1|0|1
17271|1|3|2|0|0|1
16139|2|3|1|1|0|1
16215|1|3|2|0|0|1
13603|1|3|2|1|0|1
16638|2|3|1|1|0|1
14074|1|2|2|1|0|1
4675|2|3|1|1|0|1
2041|1|3|1|1|0|1
16705|2|2|4|1|0|1
9368|2|3|1|1|0|1
17318|2|3|1|1|0|1
14132|2|3|1|1|0|1
17157|1|2|2|1|0|1
17356|1|2|2|1|0|1
13243|1|2|1|1|0|0
16764|2|3|1|1|0|1
17253|1|3|2|1|0|1
17417|2|2|4|1|0|1
17241|1|3|2|0|0|1
17527|2|3|1|1|0|1
751|2|3|1|1|0|1
4585|2|2|1|1|0|1
811|2|3|1|1|0|1
15896|2|3|2|1|0|1
821|1|2|2|1|0|1
10749|2|3|1|1|0|1
16166|1|3|2|0|0|1
9616|2|3|1|1|0|1
9263|2|3|1|1|0|1
4670|2|3|1|1|0|1
17383|1|3|1|1|0|1
16550|2|2|4|1|0|1
738|2|3|1|1|0|1
13511|2|2|1|1|0|1
17449|1|3|2|0|0|1
16271|1|2|2|1|0|1
13129|2|3|1|1|0|1
896|2|3|1|1|0|0
14044|2|2|1|1|0|1
9762|1|2|2|1|0|1
1068|1|2|2|1|0|1
800|2|3|1|1|0|1
13614|1|2|2|1|0|1
14054|1|3|2|1|0|1
5783|2|3|1|1|0|1
9449|2|3|1|1|0|1
16954|2|3|1|1|0|1
9387|2|3|1|1|0|1
1141|1|3|1|1|0|1
16205|1|3|2|0|0|1
17395|2|3|1|1|0|1
17403|2|3|1|1|0|1
16438|2|3|1|1|0|1
17270|2|2|1|1|0|1
17409|2|3|1|1|0|1
10779|2|3|1|1|0|1
9256|2|3|1|1|0|1
1173|1|2|2|1|0|1
861|2|3|2|1|0|1
4540|2|3|1|1|0|1
4608|2|3|1|1|0|1
17008|1|2|2|1|0|1
4679|2|2|1|1|0|1
9534|2|3|1|1|0|1
16672|2|2|4|1|0|1
17510|2|3|1|1|0|1
17481|1|3|2|1|0|1
10719|1|3|2|0|0|1
16844|1|2|2|1|0|1
1175|1|3|1|1|0|1
17009|1|3|1|1|0|1
16694|2|2|4|1|0|1
16277|1|2|2|1|0|1
17103|2|3|1|1|0|1
563|2|2|1|1|0|1
9736|2|3|1|1|0|1
16168|1|3|2|0|0|1
14090|2|3|2|1|0|1
16894|1|3|4|1|0|1
17208|2|3|1|1|0|1
17293|2|3|1|1|0|1
16290|1|3|2|0|0|1
16719|2|2|4|1|0|1
17392|2|3|1|1|0|0
16461|2|3|1|1|0|1
13335|1|2|2|1|0|1
16964|2|3|1|1|0|1
15966|1|3|1|1|0|1
13866|2|3|2|1|0|1
9986|1|3|2|0|0|1
13535|1|3|2|1|0|1
16906|2|3|1|1|0|1
13171|2|3|1|1|0|1
9755|1|2|2|1|0|1
17244|2|3|1|1|0|1
1108|1|3|1|1|0|1
10025|1|2|2|1|0|1
13434|1|3|2|1|0|1
16850|1|2|2|1|0|1
17214|2|3|1|1|0|1
9265|2|3|1|1|0|1
1615|1|3|2|1|0|1
10759|2|3|1|1|0|1
13149|1|3|1|1|0|1
17210|1|3|2|1|0|1
4678|2|2|1|1|0|1
16708|1|3|4|0|0|1
9441|1|2|2|1|0|1
16498|1|2|2|1|0|1
16430|2|3|1|1|0|1
16303|1|3|2|0|0|1
17428|2|3|1|1|0|1
9522|1|3|2|1|0|1
13522|1|3|1|1|0|1
2474|1|3|1|1|0|1
16707|2|2|4|1|0|1
15902|2|3|2|1|0|1
555|1|3|2|0|0|1
569|1|3|2|1|0|1
16435|2|3|1|1|0|1
17076|2|3|1|1|0|1
16228|1|3|2|0|0|1
15878|2|3|2|1|0|1
17141|2|3|1|1|0|1
1074|1|2|2|1|0|1
4553|1|2|2|1|0|1
1451|1|3|1|1|0|1
10762|1|3|2|0|1|1
17419|2|2|1|1|0|1
16193|1|2|2|0|0|1
16207|1|3|2|0|0|1
13247|2|3|1|1|0|1
17518|2|3|1|1|0|1
2484|1|3|2|0|1|1
10814|2|3|1|1|0|1
17242|1|3|2|0|0|1
17175|1|3|2|1|0|1
16609|1|3|2|0|0|1
16967|2|3|1|1|0|1
17211|1|3|2|1|0|1
8235|2|3|1|1|0|1
16292|1|3|2|0|0|1
15947|2|3|1|1|0|1
13180|2|3|1|1|0|1
16865|2|3|1|1|0|1
909|2|3|1|1|0|1
16436|2|3|1|1|0|1
9753|2|3|1|1|0|1
17060|2|3|1|1|0|1
9771|1|3|2|1|0|1
16131|2|3|1|1|0|1
17402|2|3|1|1|0|1
8094|2|3|1|1|0|1
17282|1|3|2|1|1|1
16105|2|3|1|1|0|1
16473|1|3|2|1|1|1
14156|2|3|1|1|0|1
16670|2|2|4|1|0|1
1051|1|3|2|1|0|1
17372|2|2|1|1|0|1
9713|2|3|1|1|0|1
986|2|3|1|1|0|1
1543|2|3|1|1|0|1
13604|1|2|2|1|0|1
16699|2|2|4|1|0|1
16119|2|3|1|1|0|1
9455|2|3|1|1|0|1
16571|2|2|4|1|0|1
1322|2|3|1|1|0|1
15862|1|2|1|1|0|0
1095|1|3|2|0|0|1
15835|2|3|1|1|0|1
15981|2|3|1|1|0|1
17304|2|3|1|1|0|1
13315|2|3|1|1|0|1
10848|1|3|1|1|0|1
13148|1|3|4|1|0|1
17425|2|3|1|1|0|1
891|2|3|1|1|0|0
4642|1|2|2|1|0|1
9366|1|3|2|1|0|1
8140|2|3|1|1|0|1
17276|1|3|2|0|1|1
17305|2|3|1|1|0|1
15755|1|2|2|1|0|0
13600|1|2|2|1|0|1
17182|1|3|2|1|0|1
16255|2|3|1|1|0|1
16160|1|3|2|0|0|1
17373|2|2|1|1|0|1
16448|2|3|1|1|0|1
13585|2|3|1|1|0|1
17260|1|3|2|0|0|1
13384|2|3|2|1|0|1
9266|2|3|1|1|0|1
10721|1|3|1|1|0|1
13343|2|3|1|1|0|1
17310|2|3|1|1|0|1
13166|2|3|1|1|0|1
1121|1|3|2|1|0|1
16725|1|3|2|1|0|1
17177|1|3|2|1|0|1
17109|1|2|2|1|0|1
15726|1|3|2|1|0|1
15794|1|3|1|1|0|1
9405|2|3|1|1|0|1
9696|1|2|2|1|0|1
8389|2|3|1|1|0|1
9377|2|3|1|1|0|1
481|2|3|1|1|0|1
9723|2|3|1|1|0|1
14031|2|3|1|1|0|1
13617|1|3|2|1|0|1
9320|2|3|1|1|0|1
16147|2|3|1|1|0|1
16497|1|2|2|1|0|1
9398|1|2|2|1|0|1
15758|1|3|2|1|0|0
17393|2|3|1|1|0|1
13351|2|3|1|1|0|1
632|2|3|1|1|0|1
1061|1|2|2|1|0|1
10765|2|3|1|1|0|1
16266|1|3|1|1|0|1
16165|1|3|2|0|0|1
16511|1|3|2|0|1|1
17359|1|2|2|1|0|1
15889|2|3|2|1|0|1
13487|2|3|1|1|0|1
8201|1|3|2|0|0|1
937|2|2|1|1|0|1
16640|2|3|1|1|0|1
5736|1|3|1|1|0|1
16552|2|2|4|1|0|1
10776|1|3|2|0|1|1
1408|2|3|1|1|0|1
2469|1|3|2|0|0|1
822|1|2|1|1|0|1
13542|2|3|1|1|0|1
16487|2|2|1|1|0|1
1369|2|3|1|1|0|1
9440|1|2|2|1|0|1
864|2|3|2|1|0|1
13334|2|3|1|1|0|1
16557|2|2|4|1|0|1
1237|1|3|2|0|0|1
1465|2|3|1|1|0|1
857|2|3|2|1|0|1
10000|2|3|1|1|0|1
9443|2|3|1|1|0|1
9503|1|3|2|1|0|1
17294|2|3|1|1|0|1
17094|2|3|1|1|0|1
10867|1|2|1|1|0|0
16293|1|3|2|0|0|1
16992|1|3|2|0|1|1
16217|1|3|2|0|0|1
1591|2|3|1|0|0|1
16631|2|3|1|1|0|1
188|1|2|1|1|0|1
13284|2|2|1|1|0|1
13479|1|2|2|1|0|1
16712|1|3|4|0|0|1
9291|1|3|1|1|0|1
4695|2|3|1|1|0|1
1003|2|3|1|1|0|1
1217|1|3|2|0|0|1
191|2|3|1|1|0|1
17162|1|2|2|1|0|1
17397|2|2|1|1|0|1
17072|2|3|1|1|0|1
16283|2|3|1|1|0|1
16760|1|3|2|1|0|1
9530|2|3|1|1|0|1
16846|1|2|2|1|0|1
1317|2|3|1|1|0|1
13466|2|3|1|1|0|1
17503|1|2|1|1|0|0
16733|2|3|1|1|0|1
16975|1|2|2|1|0|1
16507|1|3|2|1|1|1
551|2|3|1|1|0|1
15960|1|3|1|1|0|1
1254|2|3|1|1|0|1
4584|2|2|1|1|0|1
13130|1|3|2|0|1|1
1357|1|3|2|0|0|1
9329|2|3|1|1|0|1
10773|1|3|2|0|0|1
8407|2|3|1|1|0|1
16224|1|3|2|0|0|1
8234|2|3|1|1|0|1
13523|1|3|1|1|0|1
16762|2|3|1|1|0|1
16651|2|3|1|1|0|1
4699|2|3|1|1|0|1
9457|1|3|2|0|0|1
16206|1|3|2|0|0|1
9710|2|3|1|1|0|1
13492|2|3|1|1|0|1
4633|2|3|1|1|0|1
16002|1|2|2|1|0|1
1131|1|2|1|1|0|0
809|2|3|1|1|0|1
17302|2|3|1|1|0|1
16653|2|2|4|1|0|1
16547|2|2|4|1|0|1
16252|2|2|1|1|0|1
16615|1|3|2|0|0|1
16184|1|3|2|0|0|1
15722|2|3|1|1|0|1
1145|1|3|2|1|0|1
9991|1|2|2|1|0|1
15972|2|3|1|1|0|1
8105|2|3|1|1|0|1
9979|2|3|1|1|0|1
17128|1|3|2|1|0|1
16899|2|3|1|1|0|1
10006|1|3|2|0|0|1
9650|2|3|1|1|0|1
9376|1|2|1|1|0|0
17421|2|2|1|1|0|1
16724|1|3|2|1|0|1
17096|2|3|1|1|0|1
16658|2|3|1|1|0|1
13431|2|2|1|1|0|1
13457|2|3|1|1|0|1
16253|2|3|1|1|0|1
9718|2|3|1|1|0|1
1294|2|3|2|1|0|1
16175|1|3|2|0|0|1
9732|2|3|1|1|0|1
16717|2|3|1|1|0|0
15876|1|3|1|1|0|1
16155|1|3|2|0|0|1
10786|2|3|2|1|0|1
13304|2|3|1|1|0|1
16510|1|3|2|0|1|1
16503|2|3|1|1|0|1
13588|2|2|1|1|0|1
14046|1|3|2|0|0|1
10002|2|3|1|1|0|1
17095|2|3|1|1|0|1
16186|1|3|2|0|0|1
16180|1|3|2|0|0|1
1109|2|3|2|1|0|1
9357|1|3|1|1|0|1
17045|2|2|1|1|0|1
16673|2|2|4|1|0|1
4668|1|3|2|0|1|1
8096|2|3|1|1|0|1
17006|1|2|2|1|0|1
16917|2|3|1|1|0|1
17205|2|3|1|1|0|1
90|1|3|1|1|0|1
9998|1|3|2|1|0|1
9383|2|3|1|1|0|1
15875|1|3|1|1|0|1
16742|1|3|2|0|1|1
16851|1|2|2|1|0|1
15|1|3|2|0|1|1
15854|1|3|2|0|1|1
9466|1|3|1|1|0|0
17473|1|3|1|1|0|1
16648|2|3|1|1|0|1
17221|2|3|1|1|0|0
16965|2|3|1|1|0|1
4538|2|3|1|1|0|1
16408|2|3|1|1|0|1
9479|2|3|2|1|0|1
13114|2|3|1|1|0|1
1582|1|2|2|1|0|1
9411|1|2|2|1|0|1
10741|1|3|1|1|0|1
14033|2|3|1|1|0|1
14015|1|3|2|1|0|1
13283|2|3|1|1|0|1
16536|2|2|4|1|0|1
14148|2|3|1|1|0|1
8126|1|3|1|1|0|1
854|2|3|2|1|0|1
9646|2|3|1|1|0|1
17324|2|3|1|1|0|1
185|1|2|1|1|0|1
16116|2|3|1|1|0|1
16469|2|3|1|1|0|1
1058|1|2|1|1|0|0
17147|1|2|2|1|0|1
15873|2|3|1|1|0|1
17325|2|3|1|1|0|1
1134|1|3|2|1|0|1
5710|2|3|1|1|0|1
4537|2|3|1|1|0|1
13091|2|3|1|1|0|1
16259|2|3|1|1|0|0
16977|1|2|2|1|0|1
14018|2|3|1|1|0|1
9721|2|3|1|1|0|1
13169|2|3|1|1|0|1
16542|2|2|4|1|0|1
16796|2|3|1|1|0|1
16317|1|3|1|1|0|1
16094|2|3|1|1|0|1
17163|1|2|2|1|0|1
14129|2|2|1|1|0|1
15769|2|3|1|1|0|1
946|2|3|1|1|0|1
16577|2|2|4|1|0|1
17200|2|3|1|1|0|1
4632|1|3|2|0|1|1
14123|2|3|1|1|0|1
10820|1|3|2|1|0|1
1456|1|3|1|1|0|1
16439|2|3|1|1|0|1
1056|2|3|1|1|0|1
17374|2|2|1|1|0|1
9507|1|3|2|1|0|1
1203|2|3|1|1|0|1
9437|2|3|1|1|0|1
1208|1|3|2|0|0|1
15803|1|3|2|0|0|1
16171|1|3|2|0|0|1
2466|1|3|2|0|1|1
460|1|3|1|1|0|1
8092|2|3|1|1|0|1
16591|2|3|4|1|0|1
16685|2|2|4|1|0|1
13141|2|3|1|1|0|1
14049|1|3|4|1|0|1
4649|1|2|1|1|0|0
4686|2|3|1|1|0|1
4688|2|3|1|1|0|1
16447|2|3|1|1|0|1
16412|2|3|1|1|0|1
16393|2|3|1|1|0|1
10792|2|3|2|1|0|1
16006|1|2|2|1|0|1
16286|1|3|2|0|0|1
724|1|3|2|0|0|1
9577|2|3|1|1|0|1
15897|2|3|2|1|0|1
9307|1|3|1|1|0|1
17193|1|2|1|1|0|0
16730|1|3|2|1|0|1
16287|1|3|2|1|0|1
13557|1|3|1|1|0|1
17262|1|3|2|0|0|1
17320|2|3|1|1|0|1
17173|1|3|2|1|0|1
9759|1|2|2|1|0|1
8409|2|3|1|1|0|1
16813|2|3|1|1|0|1
358|2|3|1|1|0|1
13595|1|2|2|1|0|1
772|1|3|2|1|0|1
15995|1|2|2|1|0|1
853|2|3|2|1|0|1
16753|2|3|1|1|0|0
13288|2|2|1|1|0|1
2030|2|3|1|1|0|1
15723|2|3|1|1|0|1
17471|1|3|1|1|0|1
8203|1|3|2|0|0|1
16805|2|2|1|1|0|1
13244|2|3|1|1|0|1
1071|1|2|2|1|0|1
9603|2|3|1|1|0|1
153|2|3|1|1|0|1
973|1|3|1|1|0|1
13362|1|3|1|1|0|0
1113|2|3|2|1|0|1
10790|2|3|2|1|0|1
13127|2|3|1|1|0|1
17119|2|3|1|1|0|1
1209|1|3|2|0|0|1
13601|1|2|2|1|0|1
16716|1|3|1|1|0|1
15890|2|2|2|1|0|1
16183|1|3|2|0|0|1
16273|1|2|2|1|0|1
4574|2|2|1|1|0|1
8220|2|3|1|1|0|1
16932|2|3|1|1|0|1
9663|2|3|1|1|0|1
9505|1|3|2|1|0|1
17500|2|3|1|1|0|1
61|1|3|2|0|1|1
9497|1|2|2|1|0|1
843|2|3|2|1|0|1
17501|1|2|1|1|0|0
16455|2|3|1|1|0|1
16009|1|3|2|1|0|1
14384|2|3|1|1|0|1
9694|2|3|1|1|0|1
9764|1|2|2|1|0|1
17089|2|3|1|1|0|1
16417|2|3|1|1|0|1
1252|1|3|2|0|0|1
841|2|3|2|1|0|1
17360|1|2|2|1|0|1
17191|1|2|1|1|0|0
748|2|3|1|1|0|1
885|2|3|1|1|0|1
610|1|3|1|1|0|1
15887|2|3|2|1|0|1
1007|1|3|1|1|0|1
16783|2|3|1|1|0|1
57|1|3|1|1|0|0
17146|2|3|1|1|0|1
17369|2|2|1|1|0|1
8091|2|3|1|1|0|1
17228|2|3|1|1|0|0
9362|1|3|1|1|0|1
15756|1|3|2|1|0|0
16847|1|2|2|1|0|1
982|2|3|1|1|0|1
13104|2|3|1|1|0|1
1571|1|2|2|1|0|1
16876|2|2|1|1|0|1
17307|2|3|1|1|0|0
13543|2|3|1|1|0|1
16520|2|3|1|1|0|1
13116|2|3|1|1|0|1
13311|2|3|1|1|0|1
16611|1|3|2|0|0|1
9747|2|3|1|1|0|1
898|1|3|2|0|0|1
17410|2|3|1|1|0|1
16840|2|3|1|1|0|1
925|2|3|1|1|0|1
16258|1|3|2|1|0|1
17044|1|2|2|1|0|1
2509|2|2|1|1|0|1
13327|2|3|1|1|0|1
16728|1|3|2|1|0|1
950|2|2|1|1|0|1
16460|2|3|1|1|0|1
15759|1|2|2|1|0|0
14137|1|3|2|1|1|1
16100|1|3|2|0|1|1
16734|1|3|2|1|0|1
171|2|3|1|1|0|1
16440|2|3|1|1|0|1
9997|1|2|2|0|0|0
13380|2|3|2|1|0|1
9981|2|3|1|1|0|1
17083|2|3|1|1|0|1
4701|2|3|1|1|0|1
17164|1|2|2|1|0|1
9420|2|3|1|1|0|1
1558|1|2|2|1|0|1
17174|1|3|2|1|0|1
17217|2|3|1|1|0|1
17336|2|3|1|1|0|1
16397|2|3|1|1|0|1
16322|1|3|2|1|0|1
14106|2|3|1|1|0|1
558|1|2|2|1|0|1
8134|1|3|2|1|0|0
15826|2|3|1|1|0|1
10800|2|3|1|1|0|1
1080|1|3|2|1|0|1
16504|2|3|1|1|0|1
13861|2|3|2|1|0|1
16182|1|3|2|0|0|1
16427|2|3|1|1|0|1
9740|1|3|1|1|0|1
17136|1|3|2|0|0|1
13182|1|3|2|1|0|1
10881|1|2|2|1|0|1
4581|2|2|1|1|0|1
17484|1|3|2|1|0|1
13323|1|3|2|1|0|1
8397|2|3|1|1|0|1
16703|2|2|4|1|0|1
9446|2|3|1|1|0|1
16824|1|3|1|1|0|1
17368|2|3|1|1|0|0
60|2|3|1|1|0|1
13612|2|3|1|1|0|1
16191|1|3|2|0|0|1
16546|2|2|4|1|0|1
16756|1|3|2|1|0|1
10698|2|3|1|1|0|1
15856|1|3|2|0|1|1
17090|2|3|1|1|0|1
4667|1|3|2|0|1|1
9489|2|3|2|1|0|1
17088|2|3|1|1|0|1
9535|1|3|2|1|0|1
15905|1|2|2|1|0|1
14052|1|3|1|1|0|1
17413|1|2|4|0|0|1
10821|1|3|2|1|0|1
16474|1|2|1|1|0|0
767|1|3|1|1|0|1
9737|1|3|1|1|0|1
9242|2|3|1|1|0|1
14104|2|3|1|1|0|1
762|2|3|1|1|0|1
17292|2|3|1|1|0|1
10004|2|3|1|1|0|1
17301|2|3|1|1|0|1
17422|2|2|1|1|0|1
17334|2|3|1|1|0|1
16148|1|3|2|1|0|1
17547|1|3|2|0|0|1
15924|2|3|1|1|0|0
13583|1|3|1|1|0|1
16736|2|3|1|1|0|1
9439|2|3|1|1|0|1
9415|1|2|2|1|0|1
613|2|3|1|0|0|1
10877|1|2|2|1|0|1
1419|1|3|2|1|0|1
16938|2|3|1|1|0|1
9749|1|3|2|1|0|1
16118|2|3|1|1|0|1
13133|1|2|2|1|0|1
8197|1|3|2|1|0|1
9408|1|2|2|1|0|1
10825|1|3|2|0|0|1
13470|2|3|1|1|0|1
9333|1|3|1|1|0|1
16989|1|3|2|0|1|1
1492|1|3|2|1|0|1
16858|2|3|1|1|0|1
1136|1|3|2|1|0|1
14388|1|2|2|1|0|1
4605|1|3|1|1|0|1
16490|2|3|1|1|0|1
13563|1|3|1|1|0|1
1014|1|3|1|1|0|1
172|2|3|1|1|0|1
361|2|3|1|1|0|1
16099|2|3|1|1|0|1
9509|1|3|2|1|0|1
9514|1|2|2|0|0|0
17168|2|3|1|1|0|0
16667|2|2|4|1|0|1
10808|2|3|1|1|0|1
9458|1|3|2|0|0|1
16599|2|3|1|1|0|1
16966|2|3|1|1|0|1
16927|2|3|1|1|0|1
13158|1|3|1|1|0|1
4551|1|2|2|1|0|1
17067|2|3|1|1|0|1
16237|1|3|1|1|0|1
1517|1|3|1|1|0|1
17202|2|3|1|1|0|1
16515|2|3|1|1|0|1
14022|2|3|1|1|0|1
16127|1|2|1|1|0|0
14125|2|3|1|1|0|1
17367|2|3|1|1|0|0
9648|2|3|1|1|0|1
9533|2|3|1|1|0|1
674|2|3|2|1|0|1
16952|1|2|2|1|0|0
17203|2|3|1|1|0|1
16759|1|3|2|1|0|1
750|2|2|1|1|0|1
17110|1|2|2|1|0|1
4653|1|2|1|1|0|0
10001|2|3|1|1|0|1
14040|1|2|2|1|0|1
14091|2|3|2|1|0|1
13425|1|3|2|1|0|1
9656|2|3|1|1|0|1
9992|1|2|2|1|0|1
1460|1|3|1|1|0|1
17138|1|3|2|0|0|1
16715|1|3|1|1|0|1
17054|2|3|1|1|0|1
16668|1|2|4|0|0|1
10884|1|2|2|1|0|1
178|2|3|1|1|0|1
13285|2|2|1|1|0|1
16204|1|3|2|0|0|1
16047|2|3|1|1|0|1
16584|2|2|4|1|0|1
14088|1|3|1|1|0|0
67|2|3|1|1|0|1
17107|2|3|1|1|0|1
9276|1|2|2|1|0|1
16603|2|3|1|1|0|1
13536|1|3|2|1|0|1
17209|1|3|2|1|0|1
13550|2|3|1|1|0|1
16797|2|3|1|1|0|1
16306|1|3|2|1|0|1
935|2|3|1|1|0|1
17404|1|3|2|1|0|1
1275|1|3|2|0|0|1
17543|2|3|1|1|0|0
9409|1|2|2|1|0|1
16310|1|3|2|1|0|1
4705|1|3|1|1|0|1
165|1|3|2|0|1|1
14419|2|3|1|1|0|1
13105|2|3|1|1|0|1
14011|1|2|2|1|0|1
16199|1|3|2|0|0|1
9500|1|2|2|0|0|0
13459|2|3|1|1|0|1
16737|2|3|1|1|0|1
16152|1|3|2|0|0|1
9444|2|3|1|1|0|1
17160|1|2|2|1|0|1
541|1|2|2|1|0|1
14157|1|3|1|1|0|1
16288|1|3|2|0|0|1
2485|1|3|2|0|1|1
9270|2|3|1|1|0|1
8415|2|3|1|1|0|1
774|2|3|1|1|0|1
13350|2|3|1|1|0|1
16107|2|3|1|1|0|1
17291|2|3|1|1|0|1
16720|2|2|4|1|0|1
16913|2|3|1|1|0|1
1327|2|3|1|1|0|1
577|2|3|1|1|0|1
649|1|3|1|1|0|0
2488|1|3|2|0|1|1
17071|2|3|1|1|0|1
17353|1|3|1|1|0|1
13547|2|3|1|1|0|1
16766|2|3|1|1|0|1
791|2|3|1|1|0|1
17533|2|3|1|1|0|1
792|2|3|1|1|0|1
16013|2|3|1|1|0|1
15922|2|3|1|1|0|1
16775|2|3|1|1|0|1
15805|1|3|2|0|0|1
17515|2|3|1|1|0|1
16602|2|3|1|1|0|1
2064|2|3|1|1|0|1
17516|2|3|1|1|0|1
16242|2|2|1|1|0|1
10817|2|3|1|1|0|1
9498|1|2|2|1|0|1
10772|2|3|1|1|0|1
17281|1|3|2|0|1|1
5725|2|3|1|1|0|1
916|1|3|2|1|0|1
16196|1|3|2|0|0|1
1278|2|3|1|1|0|1
944|2|3|1|1|0|1
14019|2|3|1|1|0|1
9716|2|3|1|1|0|1
13480|1|3|2|1|0|1
1099|1|3|2|0|0|1
17453|2|3|1|1|0|1
15999|1|2|2|1|0|1
1462|2|3|1|1|0|1
9341|2|3|1|1|0|1
17219|1|2|1|1|0|0
17254|1|2|1|1|0|0
16239|2|2|1|1|0|1
16803|2|2|1|1|0|1
1577|1|2|2|1|0|1
10005|1|3|1|1|0|0
16146|1|3|2|0|0|1
16976|1|2|2|1|0|1
831|2|3|1|1|0|1
16465|2|3|1|1|0|1
13486|2|3|1|1|0|1
13515|2|3|1|1|0|1
15919|2|3|1|1|0|1
13477|1|2|2|1|0|1
1201|1|2|2|1|0|1
9371|1|2|2|1|0|1
16770|1|3|2|0|0|1
13722|1|2|2|1|0|1
9374|1|2|2|1|0|1
9435|2|3|1|1|0|1
17415|1|2|4|0|0|1
17091|2|3|1|1|0|1
1575|1|2|2|1|0|1
16499|1|2|2|1|0|1
16652|2|3|1|1|0|1
1537|1|3|2|1|0|1
875|1|3|2|1|0|1
16605|1|3|2|1|0|1
17098|2|3|1|1|0|1
9519|1|2|2|0|0|0
17493|1|3|2|1|0|1
848|2|3|2|1|0|1
8204|1|3|2|0|0|1
16754|1|3|2|1|0|1
15968|1|3|1|1|0|1
8226|2|3|1|1|0|1
17023|1|3|2|0|1|1
14099|1|3|2|1|0|1
16452|2|3|1|1|0|1
747|2|3|1|1|0|1
16815|2|2|1|1|0|1
9369|2|3|1|1|0|1
16773|2|3|1|1|0|1
10832|1|3|1|1|0|1
16409|2|3|1|1|0|1
855|2|3|2|1|0|1
17319|2|2|1|1|0|1
9729|2|3|1|1|0|1
9523|1|2|2|0|0|0
16197|1|3|2|0|0|1
16451|2|3|1|1|0|1
16153|1|3|2|0|0|1
1320|2|3|1|1|0|1
13256|1|2|1|1|0|0
9739|1|3|1|1|0|1
16743|1|3|2|0|1|1
1016|1|3|1|1|0|1
15840|2|3|1|1|0|1
13460|2|3|1|1|0|1
54|1|3|1|1|0|1
17122|2|3|1|1|0|1
17263|1|3|2|0|0|1
17125|1|3|2|1|0|1
17476|2|3|1|1|0|1
1148|1|3|2|1|0|1
13594|1|2|2|1|0|1
16656|2|2|4|1|0|1
16441|2|3|1|1|0|1
13353|1|3|1|1|0|0
16731|1|3|2|0|0|1
2074|2|3|1|1|0|1
14150|2|3|1|1|0|1
13110|2|3|1|1|0|1
9279|1|2|2|1|0|1
17247|2|3|1|1|0|1
16859|2|3|1|1|0|1
17491|1|3|2|1|0|1
1248|1|3|2|0|0|1
807|1|3|2|0|0|1
17401|2|3|1|1|0|1
1246|1|3|2|0|0|0
14093|2|3|2|1|0|1
16610|1|3|2|0|0|1
13356|1|3|1|1|0|0
753|2|3|1|1|0|1
17197|1|3|2|0|0|1
9301|1|3|1|1|0|1
184|1|2|1|1|0|1
13452|2|3|1|1|0|1
16612|1|3|2|0|0|1
16633|2|3|1|1|0|1
2026|1|3|2|1|0|1
776|1|2|2|1|0|1
14151|1|3|1|1|0|1
15938|1|3|2|0|0|1
16129|2|3|1|1|0|1
16752|1|3|2|0|0|1
13407|2|3|2|1|0|1
14127|2|3|1|1|0|1
16425|2|3|1|1|0|1
15697|2|3|1|1|0|1
14332|1|3|2|1|1|1
13086|2|3|1|1|0|1
1348|2|3|1|1|0|1
10774|1|2|2|1|0|1
14094|2|3|2|1|0|1
10726|1|3|1|1|0|1
13797|2|3|1|1|0|1
16786|2|3|1|1|0|1
17544|2|3|1|1|0|0
17130|2|3|1|1|0|1
1011|1|3|1|1|0|1
17315|2|3|1|1|0|1
1128|2|3|1|1|0|1
16097|1|3|2|0|0|1
951|1|3|2|0|1|1
16294|1|3|2|0|0|1
16272|1|2|2|1|0|1
17306|2|3|1|1|0|1
625|2|3|1|1|0|1
16073|1|3|1|1|0|0
1112|2|3|2|1|0|1
2027|2|3|1|1|0|1
17046|1|3|2|1|0|1
14078|1|3|4|1|0|1
758|2|3|1|1|0|1
16003|1|2|2|1|0|1
16434|2|3|1|1|0|1
9756|1|2|2|1|0|1
9448|2|3|1|1|0|1
1130|1|3|2|0|0|1
16263|1|2|1|1|0|1
824|1|3|2|0|1|1
16450|2|3|1|1|0|1
14010|1|2|2|1|0|1
1328|2|3|1|1|0|1
17169|2|3|1|1|0|0
13483|1|3|2|1|0|1
16219|1|3|2|0|0|1
16834|2|3|1|1|0|1
17399|2|3|1|1|0|1
9339|2|3|1|1|0|1
550|2|3|1|1|0|1
12814|1|3|2|1|0|1
16823|1|3|2|1|0|1
13117|2|3|1|1|0|1
16922|1|3|2|0|1|1
9331|1|3|1|1|0|1
13109|2|3|1|1|0|1
15124|2|2|1|1|0|1
9733|2|3|1|1|0|1
1336|2|3|1|1|0|0
1310|1|3|2|1|0|1
9486|2|3|2|1|0|1
9309|2|3|1|1|0|1
15465|2|3|1|1|0|1
9423|2|3|1|1|0|1
16870|2|3|1|1|0|1
14013|1|2|2|1|0|1
16405|2|3|1|1|0|1
9724|2|3|1|1|0|1
9626|2|3|1|1|0|1
16226|1|3|2|0|0|1
1096|2|3|1|1|0|1
17112|1|2|2|1|0|1
9996|1|2|2|0|0|0
16134|2|3|1|1|0|1
10715|2|2|1|1|0|1
16260|2|3|1|1|0|0
10718|1|3|2|0|0|1
16866|2|3|1|1|0|1
17185|1|3|2|1|0|1
8346|1|3|2|0|1|1
17548|1|3|2|1|0|1
14038|1|2|2|1|0|1
16223|1|2|2|0|0|1
17427|2|3|1|1|0|1
9670|2|3|1|1|0|1
4677|2|2|1|1|0|1
15852|1|2|2|1|0|1
1344|2|3|1|1|0|0
17526|2|3|1|1|0|1
16396|2|3|1|1|0|1
16889|1|3|4|1|0|1
1473|2|3|1|1|0|1
9579|2|3|1|1|0|1
1288|2|3|2|1|0|1
17118|2|3|1|1|0|1
17063|2|3|1|1|0|1
177|2|3|1|1|0|1
17111|1|2|2|1|0|1
17531|2|3|1|1|0|1
16214|1|3|2|0|0|1
13490|2|3|1|1|0|1
13150|1|3|1|1|0|1
9254|2|3|1|1|0|1
5721|2|3|1|1|0|1
16795|2|3|1|1|0|1
16478|1|3|2|0|0|1
13184|2|3|1|1|0|1
13527|2|3|1|1|0|1
17452|2|3|1|1|0|1
16480|1|3|2|0|0|1
10729|1|3|1|1|0|1
16476|2|3|4|1|0|1
13516|2|3|1|1|0|1
15861|2|3|1|1|0|1
16772|2|3|1|1|0|1
2036|2|3|1|1|0|1
13087|1|2|2|1|0|1
10010|2|3|1|1|0|1
14145|2|3|1|1|0|1
16114|2|3|1|1|0|1
1292|2|3|2|1|0|1
9295|1|3|2|0|0|1
13613|2|3|1|1|0|1
16593|2|2|4|1|0|1
5739|1|3|1|1|0|1
16301|1|3|2|0|0|1
16535|2|2|4|1|0|1
16276|2|3|1|1|0|0
13135|1|2|2|1|0|1
16305|1|3|2|0|0|1
9495|2|3|2|1|0|1
16472|1|3|2|0|1|1
14072|1|3|2|0|1|1
15892|2|3|2|1|0|1
13544|2|3|1|1|0|1
9635|2|3|1|1|0|1
9416|1|2|2|1|0|1
13540|2|3|1|1|0|1
13507|2|3|1|1|0|1
10780|1|3|1|1|0|0
16923|2|3|1|1|0|1
9659|2|3|1|1|0|1
532|2|3|1|1|0|1
9431|2|3|1|1|0|1
16924|1|2|1|1|0|0
585|2|3|1|1|0|1
1240|1|3|2|0|0|1
17124|2|3|1|1|0|1
13449|2|3|1|1|0|1
17426|2|3|1|1|0|1
1015|1|3|1|1|0|1
17188|2|3|1|1|0|1
17255|1|2|1|1|0|0
13423|1|2|2|1|0|1
9480|2|3|2|1|0|1
4594|1|3|1|1|0|1
1072|1|3|2|1|0|1
9574|2|3|1|1|0|1
797|1|3|2|0|0|1
16493|2|3|1|1|0|1
17179|1|3|2|1|0|1
4621|2|3|1|1|0|1
16488|1|3|2|1|0|1
16689|2|2|4|1|0|1
14159|2|3|1|1|0|1
1062|1|2|2|1|0|1
9496|1|2|2|1|0|0
17135|2|3|1|1|0|1
9750|1|3|2|1|0|0
13236|2|3|1|1|0|1
10886|1|2|2|1|0|1
14121|2|3|1|1|0|1
15955|1|3|2|0|1|1
16195|1|3|2|0|0|1
8386|1|3|4|1|0|1
9473|1|3|1|1|0|0
14394|2|3|1|1|0|1
16936|2|3|1|1|0|1
16990|1|3|2|0|1|1
13385|2|3|2|1|0|1
16092|2|3|1|1|0|1
17517|2|3|1|1|0|1
2038|2|3|1|1|0|1
9515|1|2|2|0|0|0
13609|1|2|2|1|0|1
967|1|2|1|1|0|1
17382|2|3|1|1|0|1
4698|2|3|1|1|0|1
10740|1|3|1|1|0|1
16776|2|3|1|1|0|1
16481|1|3|2|0|0|1
985|2|3|1|1|0|1
17375|2|2|1|1|0|1
17475|2|3|1|1|0|1
9313|1|3|2|1|0|1
2459|1|2|2|1|0|1
16391|2|3|1|1|0|1
16411|2|3|1|1|0|1
1002|2|3|1|1|0|1
9529|2|3|1|1|0|1
4664|2|3|1|1|0|1
9298|1|2|2|0|0|0
16839|2|3|1|1|0|1
538|2|3|1|1|0|1
17534|2|3|1|1|0|1
9720|2|3|1|1|0|1
16120|2|3|1|1|0|1
1075|1|3|2|1|0|1
1100|1|3|2|0|0|1
13491|2|3|1|1|0|1
15923|2|3|1|1|0|1
2499|2|2|1|1|0|1
15834|2|3|1|1|0|1
9988|2|3|1|1|0|1
13433|2|3|1|1|0|1
9671|2|3|1|1|0|1
10782|2|3|2|1|0|1
16137|2|3|1|1|0|1
16106|2|3|1|1|0|1
13159|1|3|1|1|0|1
17104|2|3|1|1|0|1
1516|1|3|1|1|0|1
10830|1|3|1|1|0|1
13229|2|3|1|1|0|1
8102|2|3|1|1|0|1
1048|2|2|1|1|0|1
16991|1|3|2|0|1|1
17268|2|3|1|1|0|1
1055|2|3|1|1|0|1
777|1|2|2|1|0|1
15921|2|3|1|1|0|1
16403|2|3|1|1|0|1
10798|2|3|1|1|0|1
1283|2|3|2|1|0|1
14139|1|3|1|1|0|1
1562|1|2|2|1|0|1
17243|1|3|2|0|0|1
606|1|3|1|1|0|1
13386|2|3|2|1|0|1
15855|1|3|2|0|1|1
16690|2|2|4|1|0|1
14016|2|3|1|1|0|1
17424|2|3|1|1|0|1
16424|2|3|1|1|0|1
17227|2|3|1|1|0|0
1247|1|3|2|0|0|1
1041|2|3|1|1|0|1
17287|2|3|1|1|0|1
1358|1|3|2|0|0|1
976|1|3|1|1|0|1
826|1|3|2|0|1|1
15853|1|2|2|1|0|1
17394|2|3|1|1|0|1
16641|2|3|1|1|0|1
13376|2|3|2|1|0|1
15990|2|3|1|1|0|1
1437|1|3|1|1|0|1
16857|2|3|1|1|0|1
1076|1|2|2|1|0|1
16745|1|3|1|1|0|1
1614|1|3|2|1|1|1
17451|2|3|1|1|0|1
9520|1|3|2|1|0|1
13586|1|3|2|1|0|1
9494|2|3|2|1|0|1
17218|2|3|1|1|0|1
16172|1|3|2|0|0|1
15895|2|3|2|1|0|1
790|2|3|1|1|0|1
584|2|3|1|1|0|1
15821|1|3|2|1|0|0
13525|1|3|1|1|0|1
846|2|3|2|1|0|1
9290|2|3|1|1|0|1
2049|2|3|1|1|0|1
4598|1|3|1|1|0|1
10835|1|3|1|1|0|1
1218|1|2|1|1|0|0
9622|2|3|1|1|0|1
13599|1|2|2|1|0|1
16718|2|2|4|1|0|1
16479|1|3|2|0|0|1
17418|2|2|1|1|0|1
17229|2|3|1|1|0|1
1592|2|3|1|0|0|1
17180|2|3|1|1|0|1
15721|2|3|1|1|0|1
1149|1|3|2|1|0|1
17524|2|3|1|1|0|1
17443|2|3|1|1|0|1
1057|2|3|1|1|0|1
808|1|3|2|0|0|1
16111|2|3|1|1|0|1
16768|2|3|1|1|0|1
1067|1|2|2|1|0|1
614|1|2|2|1|0|1
15953|2|2|1|1|0|1
17240|1|3|2|0|0|1
13863|2|3|2|1|0|1
13120|1|3|2|1|0|1
752|2|3|1|1|0|1
4579|2|2|1|1|0|1
14146|2|3|1|1|0|1
4588|1|3|2|1|0|1
4758|2|3|1|1|0|1
16956|2|3|1|1|0|1
15927|2|3|1|1|0|0
17259|1|3|2|0|0|1
13088|1|2|2|1|0|1
17474|2|3|1|1|0|1
13348|2|3|1|1|0|0
16112|2|3|1|1|0|1
16414|2|3|1|1|0|1
16750|2|3|1|1|0|1
13534|2|3|1|1|0|1
9370|2|3|1|1|0|1
14021|2|3|1|1|0|1
17105|2|3|1|1|0|1
16682|1|2|4|0|0|1
1059|1|2|2|1|0|1
16509|1|3|2|0|1|1
13292|2|2|1|1|0|1
16669|2|2|4|1|0|1
1293|2|3|2|1|0|1
9593|2|3|1|1|0|1
13258|1|2|1|1|0|0
9738|1|3|1|1|0|1
1372|1|2|1|1|0|0
15123|2|2|1|1|0|1
13320|2|3|1|1|0|1
9478|1|3|1|1|0|0
9719|2|3|1|1|0|1
9608|2|3|1|1|0|1
17519|2|3|1|1|0|1
16704|1|2|4|0|0|1
17352|1|3|1|1|0|1
9419|2|3|1|1|0|1
876|1|3|2|1|0|1
16921|1|3|2|0|1|1
15898|2|3|2|1|0|1
9327|2|3|1|1|0|1
17061|2|3|1|1|0|1
16614|1|3|2|0|0|1
17327|2|3|1|1|0|1
9985|1|3|2|0|0|1
9730|2|3|1|1|0|1
13128|2|3|1|1|0|1
17223|1|3|2|1|0|1
16142|2|3|1|1|0|1
13318|2|3|1|1|0|1
9485|2|3|2|1|0|1
10875|1|2|2|1|0|1
16659|2|3|1|1|0|1
16744|1|2|1|1|0|0
1110|2|3|2|1|0|1
9477|2|3|1|1|0|1
13584|2|3|4|1|0|1
1531|2|3|1|1|0|1
13514|2|3|1|1|0|1
16622|1|3|2|0|0|1
17431|1|3|2|1|0|1
13280|2|3|1|1|0|1
999|1|3|2|1|0|1
14400|1|3|2|0|0|1
16262|2|3|1|1|0|1
15868|2|3|1|1|0|0
17226|1|3|2|0|0|1
15792|1|3|1|1|0|1
13520|1|3|1|1|0|1
15925|2|3|1|1|0|0
17236|1|3|2|0|0|1
17079|2|3|1|1|0|1
10723|1|3|1|1|0|1
9735|2|3|1|1|0|1
9350|2|3|1|1|0|1
16539|2|2|4|1|0|1
1539|2|3|1|1|0|1
13245|2|3|1|1|0|1
16130|2|3|1|1|0|1
1044|2|3|1|1|0|1
5782|2|3|1|1|0|1
2483|1|3|2|0|1|1
9757|1|2|2|1|0|1
14051|1|3|1|1|0|1
17477|2|3|1|1|0|1
9334|2|3|1|1|0|1
14565|1|3|2|0|0|1
4536|2|3|1|1|0|1
852|2|3|2|1|0|1
9459|2|3|1|1|0|1
1342|2|3|1|1|0|0
16410|2|3|1|1|0|1
16697|2|2|4|1|0|1
4674|2|3|1|1|0|1
16401|2|3|1|1|0|1
17535|2|3|1|1|0|1
16093|2|3|1|1|0|1
16170|1|3|2|0|0|1
10866|2|3|1|1|0|1
17020|1|3|2|0|1|1
13605|1|2|2|1|0|1
10880|1|3|2|1|0|1
17278|1|3|2|0|1|1
16601|2|3|1|1|0|1
17192|1|2|1|1|0|0
13471|2|3|1|1|0|1
851|2|3|2|1|0|1
17437|1|2|2|1|0|1
17187|2|3|1|1|0|1
4529|1|2|2|1|0|1
16620|1|3|2|0|0|1
9391|2|3|1|1|0|1
14024|2|3|1|1|0|1
17494|1|3|2|1|0|1
17015|1|2|1|1|0|1
16209|1|3|2|0|0|1
10707|2|3|1|1|0|1
13170|2|3|1|1|0|1
9734|2|3|1|1|0|1
16869|2|3|1|1|0|1
17487|1|3|2|1|0|1
16145|2|3|1|1|0|1
1135|1|3|2|1|0|1
9434|2|3|1|1|0|1
16780|2|3|1|1|0|1
16141|2|3|1|1|0|1
16893|1|3|2|1|0|1
844|2|3|2|1|0|1
4660|2|3|4|1|0|1
17381|2|3|1|1|0|1
1578|1|2|2|1|0|1
13160|1|3|1|1|0|1
1172|1|2|2|1|0|1
9982|2|3|1|1|0|1
9598|2|3|1|1|0|0
17540|2|3|1|1|0|1
16428|2|3|1|1|0|1
16270|1|2|2|1|0|1
13161|1|3|1|1|0|1
605|1|3|1|1|0|1
9536|1|3|2|1|0|1
913|2|3|1|1|0|1
16804|2|2|1|1|0|1
1325|2|3|1|1|0|1
13509|2|2|1|1|0|1
9517|1|2|2|0|0|0
17153|1|3|2|1|0|1
16508|1|3|2|0|1|1
16275|1|2|2|1|0|1
16477|2|3|1|1|0|1
17416|2|2|4|1|0|1
8398|1|3|2|1|1|1
708|2|3|1|1|0|1
9348|2|3|1|1|0|1
4623|1|2|1|1|0|1
10732|1|3|1|1|0|1
10852|2|3|1|1|0|1
10791|2|3|2|1|0|1
1589|1|2|2|1|0|1
9493|2|3|2|1|0|1
4644|2|3|1|1|0|1
16225|1|3|2|0|0|1
1137|2|3|1|1|0|1
13307|1|2|2|1|0|1
8114|1|2|2|1|0|1
4663|2|3|1|1|0|1
16616|1|3|2|0|0|1
16176|1|3|2|0|0|1
16201|1|3|2|0|0|1
8205|1|3|2|0|0|1
17065|2|3|1|1|0|1
1220|1|2|1|1|0|0
16432|2|3|1|1|0|1
16467|2|3|1|1|0|1
16222|1|3|2|0|0|1
14541|1|3|2|0|0|1
14057|1|3|1|1|0|1
9967|2|3|1|1|0|1
13519|1|3|2|1|0|1
8123|1|3|1|1|0|1
17225|1|3|2|0|0|1
16133|2|3|1|1|0|1
15991|2|3|1|1|0|1
13461|2|3|1|1|0|1
8394|1|3|2|0|1|1
16909|2|3|1|1|0|1
15841|2|3|1|1|0|1
1366|1|3|2|1|0|0
9709|2|3|1|1|0|1
16320|1|3|2|0|0|1
9600|1|3|1|1|0|0
1034|1|2|1|1|0|0
16281|2|3|1|1|0|1
16895|2|3|1|1|0|1
8099|2|3|1|1|0|1
16695|2|3|4|1|0|1
17213|2|3|1|1|0|1
928|2|3|1|1|0|0
14076|2|3|1|1|0|1
16416|1|2|2|1|0|1
13156|1|3|1|1|0|1
15716|2|3|1|1|0|1
1580|1|2|2|1|0|1
16863|2|3|1|1|0|1
16234|1|3|2|0|1|1
9379|2|3|1|1|0|1
557|2|3|2|1|0|1
1169|1|3|2|1|0|1
13308|1|2|2|1|0|1
16279|2|3|1|1|0|1
16787|2|3|1|1|0|1
1579|1|3|2|1|0|1
9340|2|3|1|1|0|1
1244|1|3|2|0|0|1
17215|2|3|1|1|0|1
17432|1|3|2|1|0|1
9456|2|3|1|1|0|1
16284|2|3|1|1|0|1
16463|2|3|1|1|0|1
9413|1|2|2|1|0|1
14034|2|3|1|1|0|1
2496|2|3|1|1|0|1
16649|2|3|1|1|0|1
1285|2|3|2|1|0|1
16298|1|3|2|1|0|1
16647|2|3|1|1|0|1
1496|2|3|1|1|0|1
16221|1|3|2|0|0|1
9352|2|3|1|1|0|1
540|1|2|2|1|0|1
15894|2|3|2|1|0|1
949|2|3|1|1|0|1
16512|2|3|1|1|0|1
13173|2|3|1|1|0|1
17068|2|3|1|1|0|1
15963|1|3|1|1|0|1
16229|1|3|2|0|0|1
9491|2|3|2|1|0|1
17256|1|2|2|1|0|1
14035|2|3|1|1|0|1
17267|2|3|1|1|0|1
17528|2|3|1|1|0|1
16968|2|3|1|1|0|1
17322|2|3|1|1|0|1
10785|2|3|2|1|0|1
825|1|3|2|0|1|1
16873|1|3|2|0|0|1
10722|1|3|1|1|0|1
16962|1|3|2|0|1|1
16926|2|3|1|1|0|1
13324|2|3|1|1|0|1
16588|2|2|4|1|0|1
17151|1|3|2|1|0|1
15865|2|3|1|1|0|0
2014|1|3|2|1|0|1
13317|2|3|1|1|0|1
16254|2|3|1|1|0|1
9518|1|2|2|0|0|0
17436|1|2|2|1|0|1
10854|2|3|1|1|0|1
763|2|3|1|1|0|1
1165|1|2|2|1|0|1
16138|2|3|1|1|0|1
14045|2|2|1|1|0|1
1129|2|3|1|1|0|1
16714|1|2|2|0|0|1
17140|2|3|1|1|0|1
16661|2|2|4|1|0|1
9460|1|3|1|1|0|1
9483|2|3|2|1|0|0
13303|2|3|1|1|0|1
17355|1|3|1|1|0|1
53|2|3|1|1|0|1
16115|2|3|1|1|0|1
16829|2|3|1|1|0|1
16151|1|3|2|0|0|1
1395|2|3|1|1|0|1
16576|2|2|4|1|0|1
5749|1|3|1|1|0|1
15849|1|3|2|0|0|1
16422|2|3|1|1|0|1
10844|1|3|1|1|0|1
643|2|3|1|1|0|1
14017|2|3|1|1|0|1
17126|1|2|2|1|0|1
16879|2|3|1|1|0|1
13306|2|3|1|1|0|1
15900|2|3|2|1|0|1
14366|2|3|1|1|0|1
1281|2|3|2|1|0|1
14079|2|3|1|1|0|1
1561|1|2|2|1|0|1
833|2|3|1|1|0|1
8144|2|3|1|1|0|1
4601|1|3|1|1|0|1
16860|2|3|1|1|0|1
17488|1|3|2|1|0|1
9412|1|2|2|1|0|1
9452|2|3|1|1|0|1
17066|2|3|1|1|0|1
13458|2|3|1|1|0|1
17012|1|3|1|1|0|1
8213|1|3|2|1|0|0
760|1|3|1|1|0|1
16316|2|3|1|1|0|1
17384|1|3|2|1|0|1
17048|2|3|1|1|0|1
17189|2|3|1|1|0|1
14066|1|2|2|1|0|1
9343|2|3|1|1|0|1
13336|1|2|2|1|0|1
17483|2|3|1|1|0|1
14164|1|2|2|1|0|1
5708|2|3|1|1|0|1
10021|2|3|1|1|0|1
16645|2|3|1|1|0|1
17058|2|3|1|1|0|1
16570|2|2|4|1|0|1
17298|2|3|1|1|0|1
16466|2|3|1|1|0|1
16307|1|3|2|0|0|1
4572|2|2|1|1|0|1
10789|2|3|2|1|0|1
16149|1|3|2|1|0|1
13119|1|3|2|1|0|1
2053|1|3|2|1|0|0
17296|2|3|1|1|0|1
1415|2|3|1|1|0|1
8103|2|3|1|1|0|1
15858|1|3|2|0|0|1
17265|1|3|2|0|0|1
16000|1|3|2|1|0|1
17016|1|2|1|1|0|1
9364|1|3|2|1|0|1
15879|1|2|2|0|0|1
17251|1|3|2|1|0|1
16178|1|3|2|0|0|1
16177|1|3|2|0|0|1
17021|1|3|2|0|1|1
13369|1|3|1|1|0|1
16774|2|3|1|1|0|1
16297|1|3|2|0|0|1
1495|2|3|1|1|0|1
9464|1|3|1|1|0|0
9972|1|3|2|1|0|1
4577|2|2|1|1|0|1
16312|2|3|1|1|0|1
16519|2|3|1|1|0|1
16261|2|3|1|1|0|0
15838|1|3|2|0|0|1
17308|2|3|1|1|0|1
17007|1|2|2|1|0|1
15839|1|3|2|0|0|1
17150|1|2|2|1|0|1
16189|1|3|2|0|0|1
10810|2|3|1|1|0|1
14162|1|2|2|1|0|1
845|2|3|2|1|0|1
16845|1|2|2|1|0|1
14140|2|3|1|1|0|1
9425|1|3|2|1|0|1
17142|2|3|1|1|0|1
13298|2|3|1|1|0|1
4680|2|2|1|1|0|1
14043|2|2|1|1|0|1
682|2|3|1|1|0|1
858|2|3|2|1|0|1
17087|2|3|1|1|0|1
9428|2|3|1|1|0|1
16443|2|3|1|1|0|1
16489|2|3|1|1|0|1
17366|1|3|2|0|0|1
9430|1|2|2|1|0|1
16837|2|3|1|1|0|1
16896|2|3|1|1|0|1
9994|1|3|2|1|0|1
14006|1|2|2|1|0|1
16457|2|3|1|1|0|1
1045|2|3|1|1|0|1
13541|2|3|1|1|0|1
2489|2|3|1|1|0|1
13163|1|3|2|1|0|0
14122|2|3|1|1|0|1
16727|1|3|2|1|0|1
16582|2|2|4|1|0|1
16494|2|3|1|1|0|1
13253|2|3|1|1|0|1
16643|2|3|1|1|0|1
14020|2|3|1|1|0|1
17134|1|2|2|1|0|1
9258|2|3|1|1|0|1
1006|1|2|1|1|0|1
9662|2|3|1|1|0|1
16413|2|3|1|1|0|1
765|2|3|1|1|0|1
10803|2|3|1|1|0|0
13815|2|3|1|1|0|1
13231|1|3|2|0|1|1
15700|2|3|1|1|0|1
15967|1|3|1|1|0|1
9990|2|3|2|1|0|1
592|2|3|1|1|0|1
16955|2|3|1|1|0|1
16005|1|2|2|1|0|1
16777|2|3|1|1|0|1
16483|2|3|1|1|0|1
9761|1|2|2|1|0|1
13329|2|3|1|1|0|1
16816|1|3|2|1|0|1
16218|1|3|2|0|0|1
14064|2|3|1|1|0|1
14136|1|3|2|0|1|1
9281|1|3|2|0|0|1
17059|2|3|1|1|0|1
16045|2|3|1|1|0|1
14069|2|3|1|1|0|1
17295|2|2|1|1|0|1
8082|2|3|1|1|0|1
14050|1|3|4|1|0|1
16843|1|2|2|1|0|1
17472|2|3|1|1|0|1
13261|1|3|2|1|0|1
5734|1|3|2|0|0|1
16826|2|3|1|1|0|1
10827|1|3|2|0|1|1
15882|2|3|2|1|0|1
13864|2|3|2|1|0|1
14161|2|2|1|1|0|1
13328|2|3|1|1|0|1
17545|2|3|1|1|0|0
16828|2|3|1|1|0|1
1147|1|3|2|1|0|1
16014|2|3|1|1|0|1
104|2|3|1|1|0|1
8139|1|3|2|0|0|1
13187|2|3|1|1|0|1
10802|2|3|1|1|0|1
9299|1|2|2|0|0|0
756|2|3|1|1|0|1
4687|2|3|1|1|0|1
17316|2|3|1|1|0|1
16747|2|3|1|1|0|1
16782|2|3|1|1|0|1
16702|2|2|4|1|0|1
4661|2|3|1|1|0|1
1115|2|3|2|1|0|1
9964|2|3|1|1|0|1
16227|1|3|2|0|0|1
16757|2|3|1|1|0|1
17391|2|3|1|1|0|0
17283|1|3|2|0|1|1
16313|2|3|1|1|0|1
17013|1|3|1|1|0|1
13476|1|2|2|1|0|1
12813|1|2|2|1|0|1
819|1|3|2|0|0|1
16748|2|3|1|1|0|1
5723|2|3|1|1|0|1
9504|1|2|2|0|0|0
10709|2|3|1|1|0|1
13144|2|2|1|1|0|1
14107|2|3|1|1|0|1
907|2|3|1|1|0|1
1540|1|3|2|1|0|0
13177|2|3|1|1|0|1
9447|2|3|1|1|0|1
14026|2|3|1|1|0|1
2031|2|3|1|1|0|1
2462|1|2|2|1|0|1
16202|1|3|2|0|0|1
9264|2|3|1|1|0|1
17069|2|3|1|1|0|1
17358|1|2|2|1|0|1
4570|2|2|1|1|0|1
601|1|3|1|1|0|1
17166|1|2|2|1|0|1
13155|1|3|1|1|0|1
871|1|2|2|1|0|1
9470|2|3|1|1|0|1
179|2|3|1|1|0|1
4602|1|3|1|1|0|1
16285|1|3|2|0|0|1
17264|2|3|1|1|0|1
16132|2|3|1|1|0|1
10829|1|3|1|1|0|1
16238|2|2|1|1|0|1
15945|2|3|1|1|0|1
9678|1|2|2|1|0|1
13553|2|3|1|1|0|1
14086|1|3|2|1|0|1
1069|1|2|2|1|0|1
13786|1|2|2|1|0|1
17100|2|3|1|1|0|1
9769|1|2|2|1|0|1
13513|1|3|2|0|1|1
15993|2|3|1|1|0|1
15885|2|3|2|1|0|1
16485|2|3|1|1|0|1
9246|2|3|1|1|0|1
9582|2|3|1|1|0|1
13237|1|2|2|1|0|1
13179|2|3|1|1|0|1
5738|1|3|1|1|0|1
15763|1|3|2|1|0|1
16444|2|3|1|1|0|1
17525|2|3|1|1|0|1
17434|1|3|2|1|0|1
16953|1|2|2|0|0|0
14102|2|3|1|1|0|1
16835|2|3|1|1|0|1
1133|2|3|1|1|0|1
1455|1|3|1|1|0|1
17042|1|2|2|1|0|1
16619|1|3|2|0|0|1
17116|1|2|2|1|0|1
17220|1|2|1|1|0|0
17222|1|3|2|1|0|1
8132|1|3|2|1|0|0
16110|2|3|1|1|0|1
17377|2|3|1|1|0|1
863|2|3|2|1|0|1
17290|2|3|1|1|0|1
13175|2|3|1|1|0|1
16830|2|3|1|1|0|1
16802|2|2|1|1|0|1
15740|1|2|2|1|0|1
15801|1|3|2|0|0|1
16784|2|3|1|1|0|0
482|2|3|1|1|0|1
4606|1|3|2|1|0|0
9325|2|3|1|1|0|1
17171|1|3|2|1|0|1
13340|2|3|1|1|0|1
13331|2|3|1|1|0|1
1567|1|2|2|1|0|1
1230|2|3|1|1|0|1
16085|1|2|2|1|0|1
13420|2|3|2|1|0|1
16213|1|2|2|0|0|1
15833|2|3|1|1|0|1
15959|1|3|1|1|0|1
16248|1|2|1|1|0|0
15948|2|3|1|1|0|1
13232|2|3|1|1|0|1
9363|1|3|1|1|0|1
17199|2|3|1|1|0|1
14061|1|3|1|1|0|1
799|2|3|1|1|0|1
10016|2|3|1|1|0|1
15842|2|3|1|1|0|1
1289|2|3|2|1|0|1
16513|2|3|1|1|0|1
10748|1|3|1|1|0|1
13512|1|3|2|0|1|1
4618|2|3|1|1|0|1
17143|2|3|1|1|0|1
16179|1|3|2|0|0|1
14158|1|3|1|1|0|1
837|1|3|1|1|0|0
16315|2|3|1|1|0|1
16808|2|2|1|1|0|1
9971|1|3|2|0|0|1
17201|2|3|1|1|0|1
8101|2|3|1|1|0|1
13151|1|3|1|1|0|1
9526|2|3|1|1|0|1
15796|1|3|1|1|0|1
16583|2|2|4|1|0|1
17297|2|3|1|1|0|1
16453|2|3|1|1|0|1
17156|1|2|2|1|0|1
9304|1|3|1|1|0|1
17351|2|3|1|1|0|1
9438|2|3|1|1|0|1
10834|1|3|1|1|0|1
15883|2|3|2|1|0|1
14073|2|3|1|1|0|1
13145|2|3|1|1|0|1
15753|1|3|1|1|0|1
622|1|2|2|1|0|1
14029|2|3|1|1|0|1
15830|1|2|2|1|0|1
17489|1|3|2|1|0|1
997|1|3|2|1|0|1
16573|2|3|4|1|0|1
14012|1|2|2|1|0|1
17444|2|3|1|1|0|1
9293|2|2|1|1|0|1
16514|2|3|1|1|0|1
16121|1|3|1|1|0|1
17144|2|3|1|1|0|1
10860|2|3|1|1|0|1
16437|2|3|1|1|0|1
13108|2|3|1|1|0|1
13233|2|3|1|1|0|1
16741|1|3|2|0|0|1
14068|1|2|1|1|0|0
1118|2|3|2|1|0|1
17538|2|3|1|1|0|1
13276|1|3|2|1|1|1
17014|1|3|1|1|0|1
16919|2|3|1|1|0|1
1163|1|2|1|1|0|0
16419|2|3|1|1|0|1
13322|2|3|1|1|0|1
16164|1|3|2|0|0|1
4693|2|3|1|1|0|1
13602|1|2|2|1|0|1
13111|2|3|1|1|0|1
16429|2|3|1|1|0|1
2472|1|3|1|1|0|1
16192|1|3|2|0|0|1
1101|1|3|2|0|0|1
13426|1|3|2|1|0|1
9418|1|2|2|1|0|1
9700|2|3|1|1|0|1
9467|2|3|1|1|0|1
9232|2|3|1|1|0|1
9614|2|3|1|1|0|1
14084|1|2|1|1|0|0
17250|2|3|1|1|0|1
1160|2|2|1|1|0|1
4612|1|3|2|1|0|1
17279|1|3|2|0|1|1
16181|1|2|2|0|0|1
15888|2|3|2|1|0|1
14009|1|2|2|1|0|1
938|2|3|1|1|0|1
14144|2|3|1|1|0|1
10746|1|3|1|1|0|1
16500|1|2|2|1|0|1
17092|2|3|1|1|0|1
16464|1|3|2|1|0|1
16874|2|3|1|1|0|0
576|2|3|1|1|0|1
14039|1|2|2|1|0|1
16916|2|3|1|1|0|1
9602|1|3|1|1|0|0
1601|2|3|1|1|0|1
17299|2|2|1|1|0|1
13291|2|3|1|1|0|1
9978|1|3|2|0|1|1
16072|1|3|1|1|0|0
16311|1|3|2|0|0|1
9294|1|3|2|0|0|1
1197|2|3|1|1|0|1
16169|1|3|2|0|0|1
8413|1|2|2|1|0|1
13373|1|3|1|1|0|1
13121|1|3|2|1|0|1
13131|2|3|1|1|0|1
17133|1|2|2|1|0|1
17309|2|3|1|1|0|1
16241|2|2|1|1|0|1
14036|1|2|2|1|0|1
16211|1|3|2|1|0|1
4590|2|3|1|1|0|1
1033|1|2|1|1|0|1
17049|2|3|1|1|0|1
17041|1|2|2|1|0|1
1004|2|3|1|1|0|1
17435|1|3|2|1|0|1
13360|1|3|1|1|0|0
10787|2|3|2|1|0|1
13301|2|3|1|1|0|1
17224|1|3|2|1|0|1
16545|2|2|4|1|0|1
13277|1|3|2|0|1|1
1598|2|3|1|1|0|1
16517|2|3|1|1|0|1
14053|2|3|1|1|0|1
14062|1|3|1|1|0|1
16265|1|3|1|1|0|1
13238|1|2|2|1|0|1
17272|1|3|2|0|0|1
1279|2|3|2|1|0|1
16402|2|3|1|1|0|1
15802|1|3|2|0|0|1
15886|2|3|2|1|0|1
10887|1|2|2|1|0|1
10011|2|3|1|1|0|1
14408|2|3|1|1|0|1
193|2|3|1|1|0|0
9414|1|2|2|1|0|1
16188|1|3|2|0|0|1
9767|1|2|2|1|0|1
17082|2|3|1|1|0|1
189|1|2|1|1|0|1
829|2|3|1|1|0|1
915|2|3|1|1|0|1
17541|2|3|1|1|0|1
10878|1|2|2|1|0|1
17361|1|2|2|1|0|1
17335|2|3|1|1|0|1
9277|1|2|2|1|0|1
589|1|3|1|1|0|1
17155|1|2|2|1|0|1
154|2|3|1|1|0|1
9422|2|3|1|1|0|1
17479|1|3|2|1|0|1
16295|1|3|2|1|0|1
955|1|3|2|0|1|1
17123|1|3|2|0|0|1
163|1|3|1|1|0|0
9255|2|3|1|1|0|1
17411|2|3|1|1|0|1
16304|1|3|2|0|0|1
17207|2|3|1|1|0|1
1551|1|2|1|1|0|0
16696|1|2|4|0|0|1
15989|2|3|1|1|0|1
623|2|3|1|1|0|1
13251|2|3|1|1|0|1
8411|2|3|1|1|0|1
14374|2|3|1|1|0|1
